1403715528412143104.000000 3.939660 7.566747 -2.470211
1403715528462142976.000000 3.944087 7.567398 -2.463169
1403715528512143104.000000 3.952834 7.570958 -2.446199
1403715528562142976.000000 3.967775 7.576111 -2.415349
1403715528612143360.000000 3.988126 7.581335 -2.371497
1403715528662142976.000000 4.014009 7.587830 -2.318534
1403715528712143104.000000 4.042225 7.594808 -2.256773
1403715528762143232.000000 4.073833 7.604422 -2.188133
1403715528812143104.000000 4.107907 7.614108 -2.114591
1403715528862142976.000000 4.141353 7.624056 -2.034537
1403715528912143104.000000 4.177682 7.638952 -1.952242
1403715528962142976.000000 4.212224 7.654082 -1.872877
1403715529012143104.000000 4.248815 7.677021 -1.793317
1403715529062142976.000000 4.287097 7.704878 -1.710766
1403715529112143360.000000 4.326173 7.737568 -1.609206
1403715529162142976.000000 4.369565 7.771581 -1.496929
1403715529212143104.000000 4.401120 7.800650 -1.394748
1403715529262143232.000000 4.455246 7.856499 -1.229858
1403715529312143104.000000 4.504671 7.895750 -1.101370
1403715529362142976.000000 4.553131 7.935377 -0.979302
1403715529412143104.000000 4.607490 7.971644 -0.876548
1403715529462142976.000000 4.672320 8.016673 -0.772204
1403715529512143104.000000 4.744295 8.050621 -0.696106
1403715529562142976.000000 4.814109 8.080043 -0.624542
1403715529612143360.000000 4.894137 8.111138 -0.573586
1403715529662142976.000000 4.974487 8.157821 -0.519453
1403715529712143104.000000 5.062554 8.186303 -0.475784
1403715529762143232.000000 5.153621 8.216935 -0.431725
1403715529812143104.000000 5.247529 8.267182 -0.366995
1403715529862142976.000000 5.333771 8.280817 -0.335902
1403715529912143104.000000 5.437635 8.364333 -0.252411
1403715529962142976.000000 5.526426 8.385293 -0.184032
1403715530012143104.000000 5.649024 8.473490 -0.092852
1403715530062142976.000000 5.742438 8.516424 -0.016098
1403715530112143360.000000 5.851984 8.547854 0.116646
1403715530162142976.000000 5.947115 8.628791 0.185141
1403715530212143104.000000 6.054664 8.716472 0.306632
1403715530262143232.000000 6.143683 8.793599 0.412818
1403715530312143104.000000 6.219257 8.875926 0.560913
1403715530362142976.000000 6.319087 8.963851 0.830949
1403715530412143104.000000 6.381159 9.067786 0.991928
1403715530462142976.000000 6.505277 9.220985 1.241678
1403715530512143104.000000 6.592800 9.365538 1.448066
1403715530562142976.000000 6.720641 9.487384 1.720854
1403715530612143360.000000 6.835123 9.654014 1.912922
1403715530662142976.000000 6.936837 9.801504 2.086124
1403715530712143104.000000 6.975546 9.921169 2.187592
1403715530762143232.000000 7.131951 10.084917 2.343268
1403715530812143104.000000 7.231668 10.241473 2.478140
1403715530862142976.000000 7.373890 10.434497 2.640057
1403715530912143104.000000 7.465391 10.617666 2.760961
1403715530962142976.000000 7.570636 10.719948 2.919954
1403715531012143104.000000 7.705395 10.942317 3.050440
1403715531062142976.000000 7.791559 11.062620 3.162159
1403715531112143360.000000 7.869605 11.234037 3.214667
1403715531162142976.000000 8.000389 11.403874 3.280510
1403715531212143104.000000 8.140979 11.585770 3.469532
1403715531262143232.000000 8.300388 11.742409 3.576615
1403715531312143104.000000 8.467248 11.904296 3.698747
1403715531362142976.000000 8.618706 12.062210 3.742702
1403715531412143104.000000 8.792735 12.163539 3.885784
1403715531462142976.000000 8.932092 12.222941 3.964574
1403715531512143104.000000 9.152230 12.335163 4.055469
1403715531562142976.000000 9.314025 12.392217 4.086824
1403715531612143360.000000 9.476263 12.492012 4.071201
1403715531662142976.000000 9.700591 12.583355 4.135821
1403715531712143104.000000 9.876115 12.615158 4.118071
1403715531762143232.000000 10.033156 12.649090 4.072641
1403715531812143104.000000 10.200774 12.717774 4.065388
1403715531862142976.000000 10.377932 12.754948 4.078366
1403715531912143104.000000 10.530003 12.731139 4.127337
1403715531962142976.000000 10.671082 12.806115 4.039984
1403715532012143104.000000 10.835822 12.830873 4.085551
1403715532062142976.000000 10.967532 12.863836 4.085233
1403715532112143360.000000 11.097288 12.895585 4.074549
1403715532162142976.000000 11.255756 12.937583 4.117944
1403715532212143104.000000 11.371309 12.969820 4.115630
1403715532262143232.000000 11.474679 13.029513 4.082321
1403715532312143104.000000 11.558061 13.075839 4.054749
1403715532362142976.000000 11.603919 13.137223 4.019662
1403715532412143104.000000 11.682037 13.144172 4.024451
1403715532462142976.000000 11.756814 13.207776 4.027341
1403715532512143104.000000 11.782956 13.193862 3.996741
1403715532562142976.000000 11.856202 13.248240 3.985824
1403715532612143360.000000 11.893104 13.307070 3.977199
1403715532662142976.000000 11.925521 13.304271 3.976693
1403715532712143104.000000 11.959775 13.320950 3.986893
1403715532762143232.000000 11.971538 13.322166 3.949071
1403715532812143104.000000 11.970517 13.289758 3.934471
1403715532862142976.000000 11.977493 13.218865 3.922877
1403715532912143104.000000 11.932733 13.148812 3.864290
1403715532962142976.000000 11.933262 13.066574 3.817603
1403715533012143104.000000 11.893997 12.983299 3.733783
1403715533062142976.000000 11.871242 12.872686 3.645576
1403715533112143360.000000 11.833218 12.736713 3.560261
1403715533162142976.000000 11.775993 12.552010 3.459555
1403715533212143104.000000 11.702381 12.375195 3.355076
1403715533262143232.000000 11.601513 12.119789 3.311857
1403715533312143104.000000 11.471193 11.867122 3.274649
1403715533362142976.000000 11.344316 11.679068 3.221635
1403715533412143104.000000 11.193802 11.427945 3.193448
1403715533462142976.000000 11.027367 11.184935 3.204063
1403715533512143104.000000 10.803544 10.893788 3.234775
1403715533562142976.000000 10.633426 10.676721 3.302820
1403715533612143360.000000 10.423774 10.372520 3.389431
1403715533662142976.000000 10.210602 10.172207 3.439547
1403715533712143104.000000 9.964029 9.860016 3.609689
1403715533762143232.000000 9.702131 9.466841 3.800824
1403715533812143104.000000 9.449255 9.114853 3.973423
1403715533862142976.000000 9.205677 8.799817 4.067948
1403715533912143104.000000 8.934515 8.422384 4.219295
1403715533962142976.000000 8.655505 8.018944 4.339677
1403715534012143104.000000 8.398464 7.674434 4.404648
1403715534062142976.000000 8.071210 7.155470 4.559052
1403715534112143360.000000 7.875858 6.848691 4.626103
1403715534162142976.000000 7.566353 6.416814 4.639339
1403715534212143104.000000 7.169971 5.849670 4.681484
1403715534262143232.000000 6.926998 5.467904 4.689818
1403715534312143104.000000 6.653369 5.047250 4.664768
1403715534362142976.000000 6.335973 4.566157 4.595659
1403715534412143104.000000 6.100256 4.168479 4.577288
1403715534462142976.000000 5.870851 3.818058 4.502117
1403715534512143104.000000 5.649892 3.417264 4.511893
1403715534562142976.000000 5.310297 2.854463 4.309316
1403715534612143360.000000 5.041527 2.417004 4.237924
1403715534662142976.000000 4.847250 2.062342 4.214059
1403715534712143104.000000 4.636287 1.637605 4.141245
1403715534762143232.000000 4.365891 1.210735 3.941244
1403715534812143104.000000 4.167074 0.803597 3.910261
1403715534862142976.000000 3.961975 0.439386 3.767189
1403715534912143104.000000 3.722534 -0.020700 3.616532
1403715534962142976.000000 3.558574 -0.379834 3.537413
1403715535012143104.000000 3.377806 -0.785293 3.412039
1403715535062142976.000000 3.171098 -1.227221 3.302881
1403715535112143360.000000 3.025845 -1.633864 3.176861
1403715535162142976.000000 2.929725 -1.962970 3.096533
1403715535212143104.000000 2.735823 -2.431658 2.989337
1403715535262143232.000000 2.614303 -2.878106 2.891926
1403715535312143104.000000 2.565258 -3.253584 2.810291
1403715535362142976.000000 2.524129 -3.662281 2.737187
1403715535412143104.000000 2.453300 -4.082711 2.617390
1403715535462142976.000000 2.462240 -4.503926 2.535577
1403715535512143104.000000 2.397826 -5.002220 2.542726
1403715535562142976.000000 2.369460 -5.470913 2.436482
1403715535612143360.000000 2.366644 -5.956829 2.399546
1403715535662142976.000000 2.351852 -6.426120 2.304313
1403715535712143104.000000 2.407017 -6.903142 2.289483
1403715535762143232.000000 2.422553 -7.388978 2.171030
1403715535812143104.000000 2.404162 -7.888909 2.130699
1403715535862142976.000000 2.443940 -8.349271 1.984283
1403715535912143104.000000 2.404933 -8.855958 1.970777
1403715535962142976.000000 2.432937 -9.321508 1.842247
1403715536012143104.000000 2.457705 -9.797627 1.803493
1403715536062142976.000000 2.470942 -10.264447 1.711343
1403715536112143360.000000 2.534919 -10.717617 1.640155
1403715536162142976.000000 2.600046 -11.185179 1.575682
1403715536212143104.000000 2.649216 -11.689670 1.553825
1403715536262143232.000000 2.718008 -12.163859 1.459455
1403715536312143104.000000 2.830665 -12.634351 1.443570
1403715536362142976.000000 2.945609 -13.133288 1.398207
1403715536412143104.000000 3.082406 -13.529798 1.344515
1403715536462142976.000000 3.271247 -13.931760 1.271147
1403715536512143104.000000 3.430093 -14.418318 1.294711
1403715536562142976.000000 3.647438 -14.869658 1.300315
1403715536612143360.000000 3.859161 -15.220134 1.238397
1403715536662142976.000000 4.095674 -15.603022 1.228356
1403715536712143104.000000 4.354175 -15.982760 1.243573
1403715536762143232.000000 4.637469 -16.284168 1.238404
1403715536812143104.000000 4.908165 -16.613168 1.234002
1403715536862142976.000000 5.185017 -16.911332 1.242986
1403715536912143104.000000 5.474064 -17.162030 1.243899
1403715536962142976.000000 5.769157 -17.381037 1.255940
1403715537012143104.000000 6.050670 -17.562134 1.278954
1403715537062142976.000000 6.323549 -17.728660 1.317171
1403715537112143360.000000 6.602586 -17.837809 1.340472
1403715537162142976.000000 6.875521 -17.874270 1.380922
1403715537212143104.000000 7.126050 -17.874589 1.452000
1403715537262143232.000000 7.362512 -17.817556 1.489683
1403715537312143104.000000 7.557013 -17.740700 1.587515
1403715537362142976.000000 7.728791 -17.595736 1.647898
1403715537412143104.000000 7.884376 -17.368247 1.705579
1403715537462142976.000000 8.001543 -17.130715 1.768926
1403715537512143104.000000 8.092447 -16.841545 1.846296
1403715537562142976.000000 8.157469 -16.589421 1.901805
1403715537612143360.000000 8.225098 -16.238575 1.972406
1403715537662142976.000000 8.239603 -15.973291 2.036998
1403715537712143104.000000 8.287786 -15.625910 2.103809
1403715537762143232.000000 8.313131 -15.316094 2.188070
1403715537812143104.000000 8.342764 -15.016554 2.292057
1403715537862142976.000000 8.307543 -14.710823 2.380604
1403715537912143104.000000 8.281131 -14.434451 2.478451
1403715537962142976.000000 8.237358 -14.134148 2.566237
1403715538012143104.000000 8.189220 -13.800139 2.611069
1403715538062142976.000000 8.096512 -13.509532 2.693953
1403715538112143360.000000 8.014777 -13.210483 2.745250
1403715538162142976.000000 7.920123 -12.920343 2.807751
1403715538212143104.000000 7.790796 -12.658743 2.852030
1403715538262143232.000000 7.695696 -12.344575 2.868097
1403715538312143104.000000 7.554936 -12.080226 2.863951
1403715538362142976.000000 7.381674 -11.843632 2.888498
1403715538412143104.000000 7.265529 -11.546521 2.826891
1403715538462142976.000000 7.094045 -11.303061 2.777251
1403715538512143104.000000 6.926965 -11.063236 2.750218
1403715538562142976.000000 6.721686 -10.812795 2.760961
1403715538612143360.000000 6.457440 -10.582414 2.709316
1403715538662142976.000000 6.246494 -10.313975 2.712831
1403715538712143104.000000 6.059260 -10.015329 2.686820
1403715538762143232.000000 5.718920 -9.767394 2.600772
1403715538812143104.000000 5.521596 -9.429437 2.576346
1403715538862142976.000000 5.223947 -9.138756 2.530296
1403715538912143104.000000 4.955639 -8.823801 2.468208
1403715538962142976.000000 4.664930 -8.518478 2.355665
1403715539012143104.000000 4.387782 -8.217585 2.316447
1403715539062142976.000000 4.131321 -7.908316 2.296129
1403715539112143360.000000 3.839437 -7.618659 2.127391
1403715539162142976.000000 3.540655 -7.304305 1.888867
1403715539212143104.000000 3.275307 -6.998808 1.765065
1403715539262143232.000000 2.995116 -6.694018 1.689426
1403715539312143104.000000 2.751949 -6.368211 1.488985
1403715539362142976.000000 2.459229 -6.060243 1.299496
1403715539412143104.000000 2.193498 -5.723067 1.037930
1403715539462142976.000000 1.941472 -5.405476 0.834551
1403715539512143104.000000 1.689174 -5.091513 0.678421
1403715539562142976.000000 1.435321 -4.791819 0.551635
1403715539612143360.000000 1.210337 -4.505770 0.451740
1403715539662142976.000000 0.948723 -4.236056 0.381414
1403715539712143104.000000 0.727817 -3.949331 0.337360
1403715539762143232.000000 0.454169 -3.682184 0.329311
1403715539812143104.000000 0.233433 -3.422738 0.314672
1403715539862142976.000000 -0.002722 -3.162442 0.335604
1403715539912143104.000000 -0.236855 -2.892779 0.378646
1403715539962142976.000000 -0.508397 -2.638931 0.499535
1403715540012143104.000000 -0.766726 -2.405590 0.570516
1403715540062142976.000000 -1.059187 -2.175708 0.679717
1403715540112143360.000000 -1.247837 -1.963464 0.779751
1403715540162142976.000000 -1.495046 -1.794939 0.896006
1403715540212143104.000000 -1.757396 -1.630577 1.008734
1403715540262143232.000000 -2.074445 -1.501495 1.146666
1403715540312143104.000000 -2.358687 -1.382636 1.262476
1403715540362142976.000000 -2.646867 -1.320071 1.405258
1403715540412143104.000000 -2.951163 -1.246204 1.506337
1403715540462142976.000000 -3.286965 -1.209006 1.640838
1403715540512143104.000000 -3.570085 -1.169648 1.711955
1403715540562142976.000000 -3.860633 -1.200304 1.804968
1403715540612143360.000000 -4.170367 -1.200028 1.847883
1403715540662142976.000000 -4.464666 -1.258553 1.957888
1403715540712143104.000000 -4.813870 -1.326182 2.027663
1403715540762143232.000000 -5.052256 -1.438114 2.127718
1403715540812143104.000000 -5.338716 -1.568929 2.215874
1403715540862142976.000000 -5.612331 -1.733111 2.299970
1403715540912143104.000000 -5.951570 -1.951936 2.342447
1403715540962142976.000000 -6.202888 -2.117849 2.442504
1403715541012143104.000000 -6.512777 -2.332173 2.497754
1403715541062142976.000000 -6.797761 -2.580355 2.577934
1403715541112143360.000000 -7.150003 -2.837231 2.615065
1403715541162142976.000000 -7.435980 -3.112073 2.679895
1403715541212143104.000000 -7.745890 -3.404328 2.730337
1403715541262143232.000000 -8.024742 -3.693969 2.804276
1403715541312143104.000000 -8.313138 -4.001611 2.851066
1403715541362142976.000000 -8.631575 -4.299626 2.864933
1403715541412143104.000000 -9.017363 -4.643914 2.901428
1403715541462142976.000000 -9.362284 -4.976789 2.889468
1403715541512143104.000000 -9.716144 -5.318242 2.947148
1403715541562142976.000000 -10.079209 -5.656224 2.996948
1403715541612143360.000000 -10.408852 -5.996925 3.000827
1403715541662142976.000000 -10.738050 -6.334347 3.016340
1403715541712143104.000000 -11.111369 -6.729176 3.040947
1403715541762143232.000000 -11.427802 -7.125650 3.047374
1403715541812143104.000000 -11.766040 -7.534417 3.051376
1403715541862142976.000000 -12.038267 -7.964519 3.090348
1403715541912143104.000000 -12.347878 -8.396125 3.086927
1403715541962142976.000000 -12.584594 -8.801846 3.105154
1403715542012143104.000000 -12.749063 -9.203348 3.106785
1403715542062142976.000000 -12.992780 -9.649295 3.117857
1403715542112143360.000000 -13.135254 -10.086661 3.152817
1403715542162142976.000000 -13.270324 -10.497586 3.210977
1403715542212143104.000000 -13.378250 -10.901200 3.173596
1403715542262143232.000000 -13.447473 -11.339251 3.261646
1403715542312143104.000000 -13.477860 -11.732515 3.324709
1403715542362142976.000000 -13.463740 -12.089677 3.377606
1403715542412143104.000000 -13.471120 -12.439425 3.424069
1403715542462142976.000000 -13.454922 -12.782036 3.504429
1403715542512143104.000000 -13.396071 -13.075986 3.560208
1403715542562142976.000000 -13.341433 -13.367838 3.607593
1403715542612143360.000000 -13.270068 -13.607965 3.642870
1403715542662142976.000000 -13.224555 -13.842821 3.674914
1403715542712143104.000000 -13.191515 -14.064758 3.690378
1403715542762143232.000000 -13.141500 -14.237103 3.717551
1403715542812143104.000000 -13.073066 -14.417683 3.733796
1403715542862142976.000000 -13.040821 -14.569038 3.704852
1403715542912143104.000000 -13.029163 -14.754611 3.721460
1403715542962142976.000000 -12.992269 -14.870282 3.700643
1403715543012143104.000000 -12.955415 -15.017749 3.670628
1403715543062142976.000000 -12.930407 -15.158139 3.623549
1403715543112143360.000000 -12.913428 -15.272785 3.575770
1403715543162142976.000000 -12.880997 -15.383970 3.551310
1403715543212143104.000000 -12.851984 -15.479245 3.513630
1403715543262143232.000000 -12.861447 -15.588346 3.434880
1403715543312143104.000000 -12.889952 -15.676742 3.375370
1403715543362142976.000000 -12.898799 -15.758815 3.320877
1403715543412143104.000000 -12.931813 -15.824167 3.271989
1403715543462142976.000000 -12.952130 -15.876419 3.221652
1403715543512143104.000000 -13.001847 -15.910806 3.168379
1403715543562142976.000000 -13.044611 -15.919273 3.104018
1403715543612143360.000000 -13.092903 -15.960055 3.079752
1403715543662142976.000000 -13.172241 -15.963510 3.012457
1403715543712143104.000000 -13.243750 -15.967832 2.974435
1403715543762143232.000000 -13.302162 -15.907756 2.872599
1403715543812143104.000000 -13.373371 -15.858918 2.792820
1403715543862142976.000000 -13.462249 -15.802799 2.730228
1403715543912143104.000000 -13.547736 -15.704895 2.633643
1403715543962142976.000000 -13.603264 -15.580960 2.558907
1403715544012143104.000000 -13.660634 -15.418929 2.452307
1403715544062142976.000000 -13.694862 -15.255262 2.392143
1403715544112143360.000000 -13.735694 -15.058944 2.255667
1403715544162142976.000000 -13.750633 -14.846517 2.130468
1403715544212143104.000000 -13.769862 -14.630419 1.987082
1403715544262143232.000000 -13.760786 -14.394764 1.821779
1403715544312143104.000000 -13.775549 -14.157245 1.608150
1403715544362142976.000000 -13.792219 -13.922377 1.402509
1403715544412143104.000000 -13.832134 -13.672023 1.141553
1403715544462142976.000000 -13.782234 -13.403056 0.942461
1403715544512143104.000000 -13.758677 -13.131900 0.720199
1403715544562142976.000000 -13.711791 -12.846681 0.473457
1403715544612143360.000000 -13.683799 -12.534178 0.206460
1403715544662142976.000000 -13.651427 -12.264008 0.092085
1403715544712143104.000000 -13.637068 -11.985110 0.003507
1403715544762143232.000000 -13.597733 -11.690385 -0.041253
1403715544812143104.000000 -13.475435 -11.339878 -0.239691
1403715544862142976.000000 -13.470988 -10.984528 -0.326353
1403715544912143104.000000 -13.339955 -10.666517 -0.174909
1403715544962142976.000000 -13.324020 -10.289975 -0.184276
1403715545012143104.000000 -13.202057 -9.957003 -0.059530
1403715545062142976.000000 -13.121787 -9.600151 0.015615
1403715545112143360.000000 -13.017273 -9.228758 0.086694
1403715545162142976.000000 -12.906388 -8.879545 0.153330
1403715545212143104.000000 -12.798771 -8.500881 0.185411
1403715545262143232.000000 -12.755121 -8.134161 0.175449
1403715545312143104.000000 -12.618115 -7.772133 0.200628
1403715545362142976.000000 -12.534907 -7.412002 0.172452
1403715545412143104.000000 -12.417976 -7.035285 0.132515
1403715545462142976.000000 -12.334924 -6.682290 0.106857
1403715545512143104.000000 -12.200465 -6.310340 0.127420
1403715545562142976.000000 -12.095966 -5.946758 0.131822
1403715545612143360.000000 -11.993509 -5.595145 0.150737
1403715545662142976.000000 -11.921698 -5.204195 0.183940
1403715545712143104.000000 -11.833763 -4.830488 0.213797
1403715545762143232.000000 -11.780309 -4.422029 0.218916
1403715545812143104.000000 -11.752514 -4.051714 0.228039
1403715545862142976.000000 -11.714671 -3.655127 0.229123
1403715545912143104.000000 -11.701968 -3.258982 0.248824
1403715545962142976.000000 -11.669085 -2.854980 0.265816
1403715546012143104.000000 -11.643438 -2.447096 0.279629
1403715546062142976.000000 -11.644664 -2.053010 0.278114
1403715546112143360.000000 -11.631814 -1.623882 0.310074
1403715546162142976.000000 -11.630974 -1.216107 0.339696
1403715546212143104.000000 -11.605982 -0.813413 0.379690
1403715546262143232.000000 -11.592851 -0.416776 0.377182
1403715546312143104.000000 -11.580808 -0.017306 0.429906
1403715546362142976.000000 -11.555886 0.396147 0.464707
1403715546412143104.000000 -11.520867 0.803747 0.511148
1403715546462142976.000000 -11.509264 1.202024 0.555442
1403715546512143104.000000 -11.470576 1.647236 0.614870
1403715546562142976.000000 -11.461842 2.053973 0.661149
1403715546612143360.000000 -11.446977 2.426665 0.711590
1403715546662142976.000000 -11.416594 2.838836 0.789096
1403715546712143104.000000 -11.414920 3.207323 0.800701
1403715546762143232.000000 -11.358919 3.647292 0.846238
1403715546812143104.000000 -11.360173 4.023182 0.872338
1403715546862142976.000000 -11.329129 4.395028 0.905102
1403715546912143104.000000 -11.308541 4.735466 0.952000
1403715546962142976.000000 -11.257385 5.094773 0.962662
1403715547012143104.000000 -11.251260 5.410465 1.009216
1403715547062142976.000000 -11.173714 5.707731 1.074648
1403715547112143360.000000 -11.180258 6.009989 1.085264
1403715547162142976.000000 -11.041498 6.266088 1.109089
1403715547212143104.000000 -10.980603 6.525083 1.182080
1403715547262143232.000000 -10.881098 6.770405 1.232920
1403715547312143104.000000 -10.774139 6.981897 1.240807
1403715547362142976.000000 -10.610890 7.229646 1.266124
1403715547412143104.000000 -10.427416 7.419635 1.260770
1403715547462142976.000000 -10.256774 7.632031 1.276290
1403715547512143104.000000 -10.114072 7.829010 1.309730
1403715547562142976.000000 -9.878325 8.025440 1.378514
1403715547612143360.000000 -9.648130 8.232898 1.407537
1403715547662142976.000000 -9.382966 8.400652 1.390615
1403715547712143104.000000 -9.068298 8.593530 1.401464
1403715547762143232.000000 -8.792735 8.695988 1.374008
1403715547812143104.000000 -8.482803 8.810271 1.414632
1403715547862142976.000000 -8.108187 8.973012 1.402003
1403715547912143104.000000 -7.739076 9.111094 1.401428
1403715547962142976.000000 -7.368563 9.272539 1.431194
1403715548012143104.000000 -6.955625 9.408489 1.453531
1403715548062142976.000000 -6.497132 9.520403 1.434468
1403715548112143360.000000 -6.012747 9.695840 1.521569
1403715548162142976.000000 -5.589889 9.809575 1.482191
1403715548212143104.000000 -5.095959 9.966262 1.480286
1403715548262143232.000000 -4.596994 10.129722 1.602290
1403715548312143104.000000 -4.083758 10.265204 1.580150
1403715548362142976.000000 -3.685555 10.365458 1.563259
1403715548412143104.000000 -3.236556 10.462652 1.516530
1403715548462142976.000000 -2.751565 10.655009 1.429452
1403715548512143104.000000 -2.119228 11.021398 1.402247
1403715548562142976.000000 -1.601526 11.154338 1.422346
1403715548612143360.000000 -1.118200 11.394380 1.273303
1403715548662142976.000000 -0.727123 11.457423 1.225262
1403715548712143104.000000 -0.227527 11.661665 1.150570
1403715548762143232.000000 0.250909 11.862358 1.096534
1403715548812143104.000000 0.718564 12.048488 0.992913
1403715548862142976.000000 1.168126 12.238264 1.047464
1403715548912143104.000000 1.623576 12.437697 0.963488
1403715548962142976.000000 2.122559 12.672679 0.885664
1403715549012143104.000000 2.602153 12.837857 0.919965
1403715549062142976.000000 3.045821 13.049416 0.760215
1403715549112143360.000000 3.556023 13.335662 0.705006
1403715549162142976.000000 3.944728 13.430916 0.599854
1403715549212143104.000000 4.397684 13.670659 0.520308
1403715549262143232.000000 4.857559 13.880068 0.443114
1403715549312143104.000000 5.297903 14.122253 0.448140
1403715549362142976.000000 5.705028 14.299784 0.427113
1403715549412143104.000000 6.074034 14.525098 0.418987
1403715549462142976.000000 6.454868 14.724109 0.363671
1403715549512143104.000000 6.789368 14.924198 0.313636
1403715549562142976.000000 7.133017 15.110732 0.275443
1403715549612143360.000000 7.483072 15.289458 0.249484
1403715549662142976.000000 7.802517 15.434261 0.203472
1403715549712143104.000000 8.060732 15.543277 0.093646
1403715549762143232.000000 8.401974 15.677451 0.083108
1403715549812143104.000000 8.701907 15.801511 0.073050
1403715549862142976.000000 8.991541 15.865199 0.019049
1403715549912143104.000000 9.290974 15.929477 0.043178
1403715549962142976.000000 9.574214 15.952639 0.002028
1403715550012143104.000000 9.840453 15.961757 -0.006599
1403715550062142976.000000 10.103562 15.930845 -0.031798
1403715550112143360.000000 10.350591 15.857809 -0.047436
1403715550162142976.000000 10.560464 15.746299 -0.060939
1403715550212143104.000000 10.776364 15.617364 -0.015078
1403715550262143232.000000 10.970066 15.468006 -0.000175
1403715550312143104.000000 11.190214 15.269273 0.089508
1403715550362142976.000000 11.338760 15.033045 0.175389
1403715550412143104.000000 11.498391 14.801952 0.286977
1403715550462142976.000000 11.639511 14.535662 0.391453
1403715550512143104.000000 11.821721 14.266272 0.506752
1403715550562142976.000000 11.969520 13.989368 0.630243
1403715550612143360.000000 12.090684 13.722669 0.676039
1403715550662142976.000000 12.266580 13.431807 0.799393
1403715550712143104.000000 12.430967 13.107578 0.851401
1403715550762143232.000000 12.537951 12.800116 0.894952
1403715550812143104.000000 12.646740 12.493615 0.920186
1403715550862142976.000000 12.789398 12.158190 0.949439
1403715550912143104.000000 12.917536 11.846995 0.880390
1403715550962142976.000000 12.987569 11.484323 0.845204
1403715551012143104.000000 13.053093 11.107924 0.833866
1403715551062142976.000000 13.060096 10.747819 0.725826
1403715551112143360.000000 13.085870 10.322366 0.745138
1403715551162142976.000000 13.038160 9.898684 0.807728
1403715551212143104.000000 13.026459 9.474658 0.815617
1403715551262143232.000000 12.948116 9.071716 0.879113
1403715551312143104.000000 12.891313 8.652657 0.923861
1403715551362142976.000000 12.798192 8.212895 0.995312
1403715551412143104.000000 12.668108 7.743316 1.031556
1403715551462142976.000000 12.506553 7.259117 1.155948
1403715551512143104.000000 12.304146 6.797089 1.248625
1403715551562142976.000000 12.063866 6.334328 1.333535
1403715551612143360.000000 11.843079 5.880773 1.352252
1403715551662142976.000000 11.637414 5.443545 1.459397
1403715551712143104.000000 11.415690 4.962981 1.533668
1403715551762143232.000000 11.130088 4.545474 1.617548
1403715551812143104.000000 10.787743 4.071623 1.645505
1403715551862142976.000000 10.482665 3.672047 1.756068
1403715551912143104.000000 10.067039 3.301483 1.838091
1403715551962142976.000000 9.644762 2.896349 1.879516
1403715552012143104.000000 9.341541 2.553695 1.983261
1403715552062142976.000000 9.036176 2.191230 1.998254
1403715552112143360.000000 8.715775 1.881825 2.024504
1403715552162142976.000000 8.300558 1.611275 2.095094
1403715552212143104.000000 7.915600 1.330376 2.128274
1403715552262143232.000000 7.505161 1.128570 2.179689
1403715552312143104.000000 7.210101 0.892023 2.227703
1403715552362142976.000000 6.900856 0.712765 2.246140
1403715552412143104.000000 6.532138 0.612449 2.329857
1403715552462142976.000000 6.154121 0.474047 2.355563
1403715552512143104.000000 5.907604 0.376760 2.464030
1403715552562142976.000000 5.609206 0.324355 2.470226
1403715552612143360.000000 5.383855 0.257081 2.573312
1403715552662142976.000000 5.128923 0.236272 2.528935
1403715552712143104.000000 4.841975 0.242253 2.537226
1403715552762143232.000000 4.660615 0.256262 2.627793
1403715552812143104.000000 4.426784 0.329327 2.654550
1403715552862142976.000000 4.283175 0.390367 2.650831
1403715552912143104.000000 4.104574 0.527033 2.624492
1403715552962142976.000000 3.959725 0.703748 2.693244
1403715553012143104.000000 3.821597 0.870904 2.659903
1403715553062142976.000000 3.664987 1.076436 2.678743
1403715553112143360.000000 3.517008 1.370736 2.660004
1403715553162142976.000000 3.358098 1.654813 2.617236
1403715553212143104.000000 3.243679 1.969534 2.594619
1403715553262143232.000000 3.191476 2.225394 2.595949
1403715553312143104.000000 3.095436 2.614428 2.567766
1403715553362142976.000000 2.988022 2.931951 2.486390
1403715553412143104.000000 2.944499 3.420302 2.541817
1403715553462142976.000000 2.887634 3.853128 2.468095
1403715553512143104.000000 2.855180 4.258239 2.406224
1403715553562142976.000000 2.886668 4.938117 2.415329
1403715553612143360.000000 2.908427 5.378007 2.306170
1403715553662142976.000000 2.982994 5.873362 2.245982
1403715553712143104.000000 3.158183 6.394732 2.176404
1403715553762143232.000000 3.274491 6.787175 2.042995
1403715553812143104.000000 3.504424 7.418887 1.988755
1403715553862142976.000000 3.688629 7.810153 1.908365
1403715553912143104.000000 3.917909 8.277131 1.880927
1403715553962142976.000000 4.147932 8.707589 1.829265
1403715554012143104.000000 4.401586 9.204227 1.695403
1403715554062142976.000000 4.625199 9.637943 1.633469
1403715554112143360.000000 4.867531 10.086938 1.560694
1403715554162142976.000000 5.082709 10.503200 1.500477
1403715554212143104.000000 5.287232 10.952828 1.441435
1403715554262143232.000000 5.464713 11.363888 1.401914
1403715554312143104.000000 5.630494 11.754552 1.370266
1403715554362142976.000000 5.736119 12.229274 1.268806
1403715554412143104.000000 5.833773 12.654065 1.171730
1403715554462142976.000000 5.886412 13.109210 1.089052
1403715554512143104.000000 5.939398 13.481988 0.955653
1403715554562142976.000000 5.929615 13.887963 0.837476
1403715554612143360.000000 5.910793 14.231437 0.694679
1403715554662142976.000000 5.876066 14.512195 0.536179
1403715554712143104.000000 5.830952 14.722059 0.376324
1403715554762143232.000000 5.754832 14.867586 0.223816
1403715554812143104.000000 5.690276 14.891745 0.059940
1403715554862142976.000000 5.603109 14.810746 -0.058002
1403715554912143104.000000 5.504381 14.609378 -0.144798
1403715554962142976.000000 5.397554 14.301583 -0.180670
1403715555012143104.000000 5.316992 13.860386 -0.159144
1403715555062142976.000000 5.261922 13.303170 -0.113287
1403715555112143360.000000 5.174754 12.719395 0.026743
1403715555162142976.000000 5.101993 12.092017 0.163808
1403715555212143104.000000 5.125400 11.367554 0.267431
1403715555262143232.000000 5.074840 10.660990 0.414883
1403715555312143104.000000 5.044291 9.938317 0.417172
1403715555362142976.000000 4.989493 9.241178 0.368717
1403715555412143104.000000 4.951684 8.619470 0.382980
1403715555462142976.000000 4.918458 8.031312 0.402013
1403715555512143104.000000 4.895561 7.456437 0.509308
1403715555562142976.000000 4.835897 6.951561 0.555299
1403715555612143360.000000 4.808394 6.466507 0.600139
1403715555662142976.000000 4.800902 6.042766 0.759429
1403715555712143104.000000 4.801534 5.694413 0.880884
1403715555762143232.000000 4.792790 5.221517 1.054813
1403715555812143104.000000 4.780883 4.909032 1.197838
1403715555862142976.000000 4.807958 4.557448 1.408251
1403715555912143104.000000 4.776145 4.286357 1.639301
1403715555962142976.000000 4.781331 4.015783 1.868927
1403715556012143104.000000 4.792038 3.876874 2.031240
1403715556062142976.000000 4.778424 3.836553 2.396357
1403715556112143360.000000 4.777430 3.683997 2.549594
1403715556162142976.000000 4.838284 3.501179 2.653653
1403715556212143104.000000 4.854745 3.395157 2.732482
1403715556262143232.000000 4.825339 3.408200 2.998042
1403715556312143104.000000 4.832685 3.406000 3.065639
1403715556362142976.000000 4.841248 3.484681 3.226786
1403715556412143104.000000 4.856179 3.634704 3.435131
1403715556462142976.000000 4.881527 3.744529 3.550386
1403715556512143104.000000 4.905995 3.941074 3.626721
1403715556562142976.000000 4.948414 4.099493 3.706625
1403715556612143360.000000 4.971593 4.322102 3.722966
1403715556662142976.000000 4.970845 4.546569 3.791731
1403715556712143104.000000 4.975178 4.730875 3.809190
1403715556762143232.000000 5.004160 4.972128 3.787476
1403715556812143104.000000 4.998135 5.190274 3.704276
1403715556862142976.000000 4.978438 5.394709 3.640889
1403715556912143104.000000 4.969500 5.622043 3.592114
1403715556962142976.000000 4.951492 5.873257 3.542898
1403715557012143104.000000 4.929468 6.089672 3.481887
1403715557062142976.000000 4.879369 6.282669 3.459911
1403715557112143360.000000 4.817729 6.477398 3.401126
1403715557162142976.000000 4.745558 6.647644 3.352467
1403715557212143104.000000 4.666770 6.864572 3.341352
1403715557262143232.000000 4.548127 7.039192 3.277315
1403715557312143104.000000 4.403547 7.236598 3.250640
1403715557362142976.000000 4.256587 7.439050 3.198034
1403715557412143104.000000 4.056233 7.670678 3.157415
1403715557462142976.000000 3.834810 7.891233 3.114396
1403715557512143104.000000 3.617061 8.112683 3.064120
1403715557562142976.000000 3.350289 8.387271 3.004764
1403715557612143360.000000 3.070820 8.601267 2.981165
1403715557662142976.000000 2.795833 8.822404 2.946948
1403715557712143104.000000 2.481810 8.945973 2.889551
1403715557762143232.000000 2.166025 9.217554 2.848555
1403715557812143104.000000 1.857672 9.389624 2.837890
1403715557862142976.000000 1.527161 9.611444 2.826279
1403715557912143104.000000 1.204400 9.766361 2.825235
1403715557962142976.000000 0.882810 9.942719 2.858385
1403715558012143104.000000 0.544645 10.108175 2.880730
1403715558062142976.000000 0.210836 10.252651 2.960652
1403715558112143360.000000 -0.130499 10.448809 3.090157
1403715558162142976.000000 -0.482286 10.625133 3.217845
1403715558212143104.000000 -0.830416 10.770010 3.296184
1403715558262143232.000000 -1.172488 10.951759 3.321117
1403715558312143104.000000 -1.539868 11.147342 3.455349
1403715558362142976.000000 -1.903847 11.309357 3.554591
1403715558412143104.000000 -2.270050 11.447159 3.657828
1403715558462142976.000000 -2.643793 11.627613 3.737702
1403715558512143104.000000 -3.014938 11.732877 3.814335
1403715558562142976.000000 -3.371222 11.776581 3.860238
1403715558612143360.000000 -3.735654 11.890714 3.902564
1403715558662142976.000000 -4.095362 11.939412 3.864673
1403715558712143104.000000 -4.405277 12.115467 3.900934
1403715558762143232.000000 -4.713247 12.209962 3.822193
1403715558812143104.000000 -5.002139 12.270177 3.849970
1403715558862142976.000000 -5.284325 12.297330 3.803277
1403715558912143104.000000 -5.534690 12.285748 3.803307
1403715558962142976.000000 -5.755666 12.371271 3.771964
1403715559012143104.000000 -5.996161 12.407981 3.725241
1403715559062142976.000000 -6.164656 12.356260 3.707418
1403715559112143360.000000 -6.349468 12.337249 3.710953
1403715559162142976.000000 -6.524640 12.289728 3.707646
1403715559212143104.000000 -6.641337 12.270035 3.677128
1403715559262143232.000000 -6.751317 12.237829 3.667950
1403715559312143104.000000 -6.855393 12.167751 3.673034
1403715559362142976.000000 -6.939480 12.089869 3.667880
1403715559412143104.000000 -6.997860 12.066013 3.700750
1403715559462142976.000000 -7.066871 11.969566 3.722056
1403715559512143104.000000 -7.091382 11.835420 3.647171
1403715559562142976.000000 -7.129426 11.718580 3.634566
1403715559612143360.000000 -7.144018 11.590510 3.552910
1403715559662142976.000000 -7.147602 11.443237 3.519185
1403715559712143104.000000 -7.158652 11.303445 3.434158
1403715559762143232.000000 -7.163667 11.147053 3.298638
1403715559812143104.000000 -7.174066 10.968985 3.175813
1403715559862142976.000000 -7.194258 10.848612 3.091953
1403715559912143104.000000 -7.222545 10.682787 2.983098
1403715559962142976.000000 -7.227577 10.485555 2.882935
1403715560012143104.000000 -7.219793 10.297812 2.761491
1403715560062142976.000000 -7.190998 10.028356 2.627822
1403715560112143360.000000 -7.194604 9.803513 2.552745
1403715560162142976.000000 -7.196305 9.547374 2.483178
1403715560212143104.000000 -7.139362 9.243141 2.435145
1403715560262143232.000000 -7.159543 8.954290 2.432864
1403715560312143104.000000 -7.108994 8.639361 2.423486
1403715560362142976.000000 -7.092091 8.322686 2.478845
1403715560412143104.000000 -7.106656 8.008724 2.429408
1403715560462142976.000000 -7.091230 7.663000 2.450655
1403715560512143104.000000 -7.081337 7.318034 2.494935
1403715560562142976.000000 -7.078999 6.987739 2.464446
1403715560612143360.000000 -7.064953 6.608922 2.460150
1403715560662142976.000000 -7.037826 6.237156 2.504470
1403715560712143104.000000 -7.028584 5.866308 2.526422
1403715560762143232.000000 -7.072754 5.578515 2.499805
1403715560812143104.000000 -7.067271 5.224706 2.488959
1403715560862142976.000000 -7.036789 4.837680 2.512060
1403715560912143104.000000 -7.036931 4.458002 2.505792
1403715560962142976.000000 -7.020072 4.067928 2.516065
1403715561012143104.000000 -7.040048 3.683286 2.489836
1403715561062142976.000000 -7.015465 3.284513 2.536473
1403715561112143360.000000 -7.005563 2.905068 2.532553
1403715561162142976.000000 -6.999634 2.524123 2.577577
1403715561212143104.000000 -6.966458 2.098263 2.597537
1403715561262143232.000000 -6.921210 1.686167 2.613294
1403715561312143104.000000 -6.912069 1.274632 2.623107
1403715561362142976.000000 -6.898910 0.828668 2.655862
1403715561412143104.000000 -6.880703 0.425728 2.669812
1403715561462142976.000000 -6.887887 -0.004536 2.680378
1403715561512143104.000000 -6.870675 -0.420632 2.709476
1403715561562142976.000000 -6.903843 -0.822417 2.713526
1403715561612143360.000000 -6.922281 -1.220694 2.717840
1403715561662142976.000000 -6.953204 -1.637466 2.717061
1403715561712143104.000000 -6.977483 -2.038351 2.736161
1403715561762143232.000000 -6.970426 -2.434168 2.741873
1403715561812143104.000000 -6.986854 -2.830577 2.776501
1403715561862142976.000000 -6.998513 -3.216269 2.774713
1403715561912143104.000000 -6.976717 -3.607818 2.813624
1403715561962142976.000000 -6.969384 -3.981141 2.837239
1403715562012143104.000000 -6.927569 -4.329713 2.845102
1403715562062142976.000000 -6.918979 -4.674080 2.880128
1403715562112143360.000000 -6.862901 -4.983250 2.900988
1403715562162142976.000000 -6.811109 -5.284148 2.947211
1403715562212143104.000000 -6.750452 -5.559676 2.991625
1403715562262143232.000000 -6.684699 -5.811735 3.024044
1403715562312143104.000000 -6.598275 -6.028469 3.030001
1403715562362142976.000000 -6.472986 -6.247127 3.045415
1403715562412143104.000000 -6.349227 -6.447817 3.082727
1403715562462142976.000000 -6.183494 -6.610428 3.095409
1403715562512143104.000000 -6.021483 -6.772036 3.091981
1403715562562142976.000000 -5.829880 -6.925673 3.130637
1403715562612143360.000000 -5.590324 -7.073609 3.143725
1403715562662142976.000000 -5.354619 -7.214208 3.212880
1403715562712143104.000000 -5.046409 -7.353253 3.218840
1403715562762143232.000000 -4.767394 -7.488569 3.241755
1403715562812143104.000000 -4.438078 -7.589067 3.264842
1403715562862142976.000000 -4.105559 -7.704285 3.286805
1403715562912143104.000000 -3.742999 -7.829219 3.312097
1403715562962142976.000000 -3.400244 -7.940398 3.327302
1403715563012143104.000000 -3.061021 -8.075401 3.359856
1403715563062142976.000000 -2.749456 -8.171840 3.389825
1403715563112143360.000000 -2.432117 -8.281889 3.390027
1403715563162142976.000000 -2.104216 -8.370977 3.417924
1403715563212143104.000000 -1.770212 -8.492875 3.423731
1403715563262143232.000000 -1.415380 -8.564325 3.450895
1403715563312143104.000000 -1.147868 -8.678488 3.455420
1403715563362142976.000000 -0.784581 -8.716996 3.456353
1403715563412143104.000000 -0.399635 -8.747764 3.409164
1403715563462142976.000000 -0.122534 -8.823664 3.472011
1403715563512143104.000000 0.164310 -8.870299 3.513449
1403715563562142976.000000 0.499762 -8.876647 3.472058
1403715563612143360.000000 0.782966 -8.885638 3.429945
1403715563662142976.000000 1.106344 -8.820123 3.340513
1403715563712143104.000000 1.437038 -8.761077 3.228741
1403715563762143232.000000 1.767762 -8.668324 3.124667
1403715563812143104.000000 2.053823 -8.597009 3.029648
1403715563862142976.000000 2.363920 -8.490675 2.900309
1403715563912143104.000000 2.692614 -8.325375 2.792138
1403715563962142976.000000 2.945321 -8.188004 2.600490
1403715564012143104.000000 3.219613 -7.975892 2.378027
1403715564062142976.000000 3.543141 -7.793016 2.246893
1403715564112143360.000000 3.724663 -7.580627 2.032804
1403715564162142976.000000 3.940039 -7.389894 1.874157
1403715564212143104.000000 4.176586 -7.152018 1.793496
1403715564262143232.000000 4.307116 -6.950675 1.600570
1403715564312143104.000000 4.492444 -6.734705 1.446195
1403715564362142976.000000 4.642662 -6.476885 1.334371
1403715564412143104.000000 4.716164 -6.312800 1.234516
1403715564462142976.000000 4.805197 -6.021720 1.203469
1403715564512143104.000000 4.889828 -5.801885 1.150909
1403715564562142976.000000 4.927621 -5.615718 1.077859
1403715564612143360.000000 4.987276 -5.399918 1.140422
1403715564662142976.000000 5.047303 -5.231840 1.193769
1403715564712143104.000000 5.101826 -5.071540 1.206620
1403715564762143232.000000 5.109430 -4.867637 1.199906
1403715564812143104.000000 5.128094 -4.623301 1.310509
1403715564862142976.000000 5.130460 -4.417200 1.394915
1403715564912143104.000000 5.127518 -4.177613 1.535048
1403715564962142976.000000 5.212281 -4.014518 1.677973
1403715565012143104.000000 5.231665 -3.743437 1.917386
1403715565062142976.000000 5.208788 -3.466555 2.133909
1403715565112143360.000000 5.257790 -3.354052 2.398906
1403715565162142976.000000 5.228642 -3.126574 2.641367
1403715565212143104.000000 5.251082 -2.979040 2.834996
1403715565262143232.000000 5.151882 -2.597027 2.901889
1403715565312143104.000000 5.129905 -2.370689 3.064046
1403715565362142976.000000 5.140049 -2.189089 3.232213
1403715565412143104.000000 5.090758 -1.931171 3.383929
1403715565462142976.000000 5.022654 -1.750851 3.437973
1403715565512143104.000000 4.875050 -1.490979 3.452624
1403715565562142976.000000 4.857368 -1.317191 3.461883
1403715565612143360.000000 4.730012 -1.062059 3.548219
1403715565662142976.000000 4.777640 -0.921241 3.833667
1403715565712143104.000000 4.640792 -0.765077 3.926440
1403715565762143232.000000 4.508219 -0.616871 4.000747
1403715565812143104.000000 4.491552 -0.594778 4.053071
1403715565862142976.000000 4.429065 -0.447802 4.185016
1403715565912143104.000000 4.096374 -0.269620 4.313658
1403715565962142976.000000 4.009671 -0.246645 4.460799
1403715566012143104.000000 3.860365 -0.187184 4.454731
1403715566062142976.000000 3.571393 -0.074781 4.645544
1403715566112143360.000000 3.441973 -0.059231 4.687300
1403715566162142976.000000 3.290497 -0.047594 4.767022
1403715566212143104.000000 3.089400 -0.036894 4.918832
1403715566262143232.000000 2.851198 -0.004011 4.988473
1403715566312143104.000000 2.701273 -0.048902 5.048295
1403715566362142976.000000 2.526083 -0.075285 5.109190
1403715566412143104.000000 2.398983 -0.118506 5.117724
1403715566462142976.000000 2.099756 -0.201249 5.236571
1403715566512143104.000000 1.922546 -0.260765 5.298206
1403715566562142976.000000 1.798471 -0.325172 5.339050
1403715566612143360.000000 1.588759 -0.449944 5.321634
1403715566662142976.000000 1.475910 -0.543419 5.256980
1403715566712143104.000000 1.270359 -0.663555 5.293815
1403715566762143232.000000 1.139132 -0.825040 5.255047
1403715566812143104.000000 1.083140 -0.891701 5.225258
1403715566862142976.000000 0.786748 -1.154982 5.259133
1403715566912143104.000000 0.666713 -1.315716 5.230262
1403715566962142976.000000 0.530796 -1.542938 5.214868
1403715567012143104.000000 0.410333 -1.742765 5.220039
1403715567062142976.000000 0.296992 -1.994949 5.264283
1403715567112143360.000000 0.241745 -2.228815 5.218478
1403715567162142976.000000 0.133181 -2.489355 5.204044
1403715567212143104.000000 -0.025963 -2.837752 5.129605
1403715567262143232.000000 -0.094588 -3.111217 5.109763
1403715567312143104.000000 -0.148601 -3.390232 5.058510
1403715567362142976.000000 -0.209093 -3.696289 5.045066
1403715567412143104.000000 -0.235089 -3.971029 4.988786
1403715567462142976.000000 -0.287425 -4.267172 4.962151
1403715567512143104.000000 -0.313260 -4.601416 4.802797
1403715567562142976.000000 -0.340991 -4.854495 4.715532
1403715567612143360.000000 -0.469707 -5.253383 4.637968
1403715567662142976.000000 -0.469148 -5.584623 4.480660
1403715567712143104.000000 -0.481637 -5.903449 4.359488
1403715567762143232.000000 -0.456068 -5.974956 4.155394
1403715567812143104.000000 -0.488987 -6.319015 3.997680
1403715567862142976.000000 -0.486320 -6.618682 3.871263
1403715567912143104.000000 -0.481979 -6.867049 3.749918
1403715567962142976.000000 -0.492926 -7.187294 3.607056
1403715568012143104.000000 -0.457793 -7.560377 3.466474
1403715568062142976.000000 -0.432958 -7.828771 3.347412
1403715568112143360.000000 -0.387202 -8.104038 3.241568
1403715568162142976.000000 -0.353383 -8.264836 3.082552
1403715568212143104.000000 -0.250153 -8.554931 2.972315
1403715568262143232.000000 -0.190217 -8.826393 2.857669
1403715568312143104.000000 -0.096682 -9.079579 2.764628
1403715568362142976.000000 -0.005859 -9.339999 2.651673
1403715568412143104.000000 0.162662 -9.603905 2.542908
1403715568462142976.000000 0.193187 -9.810038 2.402877
1403715568512143104.000000 0.437528 -10.036946 2.345625
1403715568562142976.000000 0.620184 -10.254353 2.291120
1403715568612143360.000000 0.748013 -10.464417 2.226230
1403715568662142976.000000 0.927619 -10.639686 2.171339
1403715568712143104.000000 1.164517 -10.835670 2.115138
1403715568762143232.000000 1.358512 -11.016232 2.095504
1403715568812143104.000000 1.464612 -11.162114 2.016683
1403715568862142976.000000 1.750821 -11.256692 1.996531
1403715568912143104.000000 1.897278 -11.431886 1.983213
1403715568962142976.000000 2.103015 -11.533960 1.908004
1403715569012143104.000000 2.282558 -11.648885 1.849577
1403715569062142976.000000 2.531341 -11.737844 1.832188
1403715569112143360.000000 2.858196 -11.783307 1.789298
1403715569162142976.000000 3.072415 -11.899922 1.809312
1403715569212143104.000000 3.311965 -11.971056 1.703501
1403715569262143232.000000 3.561102 -12.026574 1.681675
1403715569312143104.000000 3.804967 -12.109577 1.636895
1403715569362142976.000000 4.058514 -12.164831 1.625063
1403715569412143104.000000 4.319817 -12.222776 1.633450
1403715569462142976.000000 4.546697 -12.269513 1.542378
1403715569512143104.000000 4.792137 -12.310094 1.542548
1403715569562142976.000000 5.040822 -12.323547 1.515995
1403715569612143360.000000 5.308254 -12.298462 1.506561
1403715569662142976.000000 5.537176 -12.286092 1.466397
1403715569712143104.000000 5.714265 -12.281966 1.426721
1403715569762143232.000000 5.936223 -12.247405 1.489567
1403715569812143104.000000 6.179379 -12.167740 1.466553
1403715569862142976.000000 6.418336 -12.080124 1.492174
1403715569912143104.000000 6.570796 -12.037055 1.436749
1403715569962142976.000000 6.772856 -11.927470 1.426695
1403715570012143104.000000 7.047870 -11.757346 1.441962
1403715570062142976.000000 7.211942 -11.670079 1.428143
1403715570112143360.000000 7.420962 -11.491437 1.360920
1403715570162142976.000000 7.551127 -11.365452 1.366162
1403715570212143104.000000 7.826614 -11.108253 1.337870
1403715570262143232.000000 7.990266 -10.936967 1.346874
1403715570312143104.000000 8.084217 -10.751879 1.343942
1403715570362142976.000000 8.123647 -10.581615 1.357380
1403715570412143104.000000 8.385828 -10.291878 1.378732
1403715570462142976.000000 8.374565 -10.128499 1.430517
1403715570512143104.000000 8.481925 -9.911925 1.450434
1403715570562142976.000000 8.628986 -9.497234 1.248237
1403715570612143360.000000 8.687984 -9.318820 1.155317
1403715570662142976.000000 8.744066 -9.002625 1.122372
1403715570712143104.000000 8.757684 -8.667345 1.054656
1403715570762143232.000000 8.750537 -8.526827 1.101713
1403715570812143104.000000 8.640249 -8.198755 1.095810
1403715570862142976.000000 8.654280 -8.022276 0.865269
1403715570912143104.000000 8.633679 -7.778505 0.705650
1403715570962142976.000000 8.531223 -7.404990 0.823037
1403715571012143104.000000 8.443327 -6.989027 0.858601
1403715571062142976.000000 8.465025 -6.751399 0.868561
1403715571112143360.000000 8.359442 -6.479525 0.753988
1403715571162142976.000000 8.335284 -6.190985 0.748546
1403715571212143104.000000 8.214695 -5.888071 0.773035
1403715571262143232.000000 8.142822 -5.619085 0.719827
1403715571312143104.000000 8.024273 -5.354528 0.694833
1403715571362142976.000000 7.937991 -5.104742 0.677964
1403715571412143104.000000 7.810645 -4.843553 0.692310
1403715571462142976.000000 7.690959 -4.622789 0.656162
1403715571512143104.000000 7.547157 -4.366470 0.585019
1403715571562142976.000000 7.440295 -4.181861 0.616036
1403715571612143360.000000 7.251342 -3.969946 0.579987
1403715571662142976.000000 7.070289 -3.685675 0.556528
1403715571712143104.000000 6.838984 -3.466690 0.314432
1403715571762143232.000000 6.724016 -3.298130 0.204087
1403715571812143104.000000 6.614236 -3.122468 0.126112
1403715571862142976.000000 6.528694 -2.970991 0.014652
1403715571912143104.000000 6.452884 -2.826673 -0.077684
1403715571962142976.000000 6.421883 -2.693044 -0.275514
1403715572012143104.000000 6.430380 -2.586237 -0.403960
1403715572062142976.000000 6.512230 -2.498580 -0.516289
1403715572112143360.000000 6.668433 -2.425410 -0.655191
1403715572162142976.000000 6.843841 -2.339551 -0.706509
1403715572212143104.000000 7.070080 -2.286637 -0.781367
1403715572262143232.000000 7.334689 -2.194325 -0.872132
1403715572312143104.000000 7.612672 -2.106152 -0.942728
1403715572362142976.000000 7.949905 -2.009698 -1.059842
1403715572412143104.000000 8.268668 -1.869624 -1.119177
1403715572462142976.000000 8.614586 -1.732138 -1.175463
1403715572512143104.000000 8.923707 -1.537457 -1.257278
1403715572562142976.000000 9.228812 -1.354752 -1.305641
1403715572612143360.000000 9.500517 -1.163830 -1.407379
1403715572662142976.000000 9.741520 -0.940714 -1.484208
1403715572712143104.000000 9.968270 -0.710874 -1.562374
1403715572762143232.000000 10.182522 -0.479049 -1.642985
1403715572812143104.000000 10.380017 -0.283245 -1.687225
1403715572862142976.000000 10.530678 -0.030845 -1.728462
1403715572912143104.000000 10.656908 0.190487 -1.744580
1403715572962142976.000000 10.800169 0.472495 -1.733268
1403715573012143104.000000 10.927086 0.731157 -1.698744
1403715573062142976.000000 11.022046 0.985296 -1.665985
1403715573112143360.000000 11.138226 1.258795 -1.594295
1403715573162142976.000000 11.233895 1.528566 -1.501755
1403715573212143104.000000 11.314269 1.759484 -1.441998
1403715573262143232.000000 11.386578 2.032566 -1.381493
1403715573312143104.000000 11.407735 2.249477 -1.307305
1403715573362142976.000000 11.433623 2.513410 -1.190897
1403715573412143104.000000 11.464587 2.726911 -1.069043
1403715573462142976.000000 11.517047 2.953849 -1.011262
1403715573512143104.000000 11.558530 3.153021 -0.946742
1403715573562142976.000000 11.642736 3.381257 -0.865780
1403715573612143360.000000 11.671768 3.594490 -0.789928
1403715573662142976.000000 11.763838 3.823806 -0.720499
1403715573712143104.000000 11.817730 4.021689 -0.730047
1403715573762143232.000000 11.890023 4.228005 -0.613180
1403715573812143104.000000 11.959377 4.454685 -0.562001
1403715573862142976.000000 12.021241 4.677587 -0.510099
1403715573912143104.000000 12.100264 4.890137 -0.441249
1403715573962142976.000000 12.150676 5.174964 -0.344900
1403715574012143104.000000 12.190852 5.376978 -0.336664
1403715574062142976.000000 12.287780 5.625354 -0.250720
1403715574112143360.000000 12.343275 5.882114 -0.199258
1403715574162142976.000000 12.412000 6.181334 -0.118121
1403715574212143104.000000 12.455583 6.479201 -0.035117
1403715574262143232.000000 12.471106 6.789738 0.052353
1403715574312143104.000000 12.506251 7.111084 0.085813
1403715574362142976.000000 12.494633 7.440896 0.188386
1403715574412143104.000000 12.587050 7.776916 0.197487
1403715574462142976.000000 12.583022 8.097632 0.233107
1403715574512143104.000000 12.562533 8.463965 0.341692
1403715574562142976.000000 12.523781 8.772064 0.344479
1403715574612143360.000000 12.467662 9.054478 0.390438
1403715574662142976.000000 12.441385 9.369284 0.417421
1403715574712143104.000000 12.359179 9.627418 0.415689
1403715574762143232.000000 12.232529 9.927720 0.524899
1403715574812143104.000000 12.106821 10.164363 0.543088
1403715574862142976.000000 11.965578 10.433519 0.618877
1403715574912143104.000000 11.795270 10.646390 0.664620
1403715574962142976.000000 11.621072 10.898745 0.692886
1403715575012143104.000000 11.439806 11.153980 0.760293
1403715575062142976.000000 11.254349 11.371422 0.790971
1403715575112143360.000000 11.058115 11.623203 0.858328
1403715575162142976.000000 10.847384 11.812741 0.921433
1403715575212143104.000000 10.643325 12.051390 0.993609
1403715575262143232.000000 10.430166 12.276620 1.074350
1403715575312143104.000000 10.212209 12.459366 1.109299
1403715575362142976.000000 10.019124 12.649318 1.168716
1403715575412143104.000000 9.833113 12.776555 1.240686
1403715575462142976.000000 9.637935 12.913674 1.286577
1403715575512143104.000000 9.426809 13.015526 1.335428
1403715575562142976.000000 9.205931 13.115621 1.406043
1403715575612143360.000000 9.007989 13.198404 1.467899
1403715575662142976.000000 8.792532 13.286832 1.538926
1403715575712143104.000000 8.540746 13.331951 1.587458
1403715575762143232.000000 8.298572 13.359373 1.660507
1403715575812143104.000000 8.035036 13.353789 1.722153
1403715575862142976.000000 7.747136 13.349376 1.820753
1403715575912143104.000000 7.447810 13.287227 1.873655
1403715575962142976.000000 7.121835 13.214682 1.936720
1403715576012143104.000000 6.792561 13.127438 2.005435
1403715576062142976.000000 6.457211 13.026733 2.077357
1403715576112143360.000000 6.097184 12.904411 2.153511
1403715576162142976.000000 5.756218 12.773465 2.192498
1403715576212143104.000000 5.398368 12.648010 2.260536
1403715576262143232.000000 5.029881 12.511987 2.309900
1403715576312143104.000000 4.680410 12.380373 2.384209
1403715576362142976.000000 4.341222 12.228976 2.467784
1403715576412143104.000000 3.988619 12.024297 2.554471
1403715576462142976.000000 3.623472 11.801614 2.604255
1403715576512143104.000000 3.296695 11.659548 2.663554
1403715576562142976.000000 2.971795 11.476551 2.723734
1403715576612143360.000000 2.638590 11.228666 2.832607
1403715576662142976.000000 2.328549 11.007231 2.914486
1403715576712143104.000000 2.039908 10.712708 2.982795
1403715576762143232.000000 1.756964 10.380653 3.061983
1403715576812143104.000000 1.479858 10.036544 3.152435
1403715576862142976.000000 1.208912 9.731604 3.218171
1403715576912143104.000000 0.958076 9.386650 3.249937
1403715576962142976.000000 0.668320 8.993271 3.333177
1403715577012143104.000000 0.428553 8.675770 3.422819
1403715577062142976.000000 0.193910 8.336793 3.506130
1403715577112143360.000000 -0.063353 7.918195 3.587279
1403715577162142976.000000 -0.329877 7.502346 3.673794
1403715577212143104.000000 -0.588070 7.126036 3.722587
1403715577262143232.000000 -0.821881 6.749240 3.774695
1403715577312143104.000000 -1.086319 6.327725 3.750185
1403715577362142976.000000 -1.315322 5.963471 3.634424
1403715577412143104.000000 -1.470122 5.565636 3.547206
1403715577462142976.000000 -1.743659 5.101136 3.441477
1403715577512143104.000000 -1.939800 4.712367 3.359850
1403715577562142976.000000 -2.163831 4.305374 3.263045
1403715577612143360.000000 -2.377071 3.900278 3.186511
1403715577662142976.000000 -2.538481 3.522161 3.158991
1403715577712143104.000000 -2.734190 3.110432 3.134892
1403715577762143232.000000 -2.941238 2.675651 3.168626
1403715577812143104.000000 -3.094994 2.265267 3.154239
1403715577862142976.000000 -3.224771 1.912275 3.153679
1403715577912143104.000000 -3.437534 1.455816 3.127961
1403715577962142976.000000 -3.572112 1.079563 3.076859
1403715578012143104.000000 -3.661520 0.706877 2.999183
1403715578062142976.000000 -3.732768 0.347088 2.904691
1403715578112143360.000000 -3.847566 -0.054579 2.777506
1403715578162142976.000000 -3.956093 -0.439891 2.619523
1403715578212143104.000000 -3.952252 -0.751277 2.478454
1403715578262143232.000000 -4.031771 -1.118130 2.313338
1403715578312143104.000000 -4.018232 -1.413093 2.159501
1403715578362142976.000000 -4.049767 -1.731233 1.987231
1403715578412143104.000000 -3.947880 -1.971966 1.837827
1403715578462142976.000000 -4.013014 -2.295148 1.753776
1403715578512143104.000000 -3.849212 -2.467948 1.649513
1403715578562142976.000000 -3.687061 -2.710738 1.398755
1403715578612143360.000000 -3.667162 -2.947912 1.331958
1403715578662142976.000000 -3.548851 -3.152022 1.053425
1403715578712143104.000000 -3.460593 -3.293485 0.793768
1403715578762143232.000000 -3.265150 -3.411837 0.597604
1403715578812143104.000000 -3.142613 -3.515847 0.387210
1403715578862142976.000000 -3.029275 -3.561738 0.280016
1403715578912143104.000000 -2.938055 -3.543058 0.200510
1403715578962142976.000000 -2.823705 -3.499358 0.055578
1403715579012143104.000000 -2.702916 -3.403899 -0.087671
1403715579062142976.000000 -2.623261 -3.296814 -0.163771
1403715579112143360.000000 -2.546386 -3.140270 -0.253034
1403715579162142976.000000 -2.500879 -2.961297 -0.307972
1403715579212143104.000000 -2.487422 -2.753630 -0.347181
1403715579262143232.000000 -2.488920 -2.514472 -0.372728
1403715579312143104.000000 -2.553622 -2.281341 -0.401731
1403715579362142976.000000 -2.644161 -2.068983 -0.399753
1403715579412143104.000000 -2.799830 -1.817356 -0.430248
1403715579462142976.000000 -2.970241 -1.603551 -0.461484
1403715579512143104.000000 -3.186626 -1.376252 -0.458807
1403715579562142976.000000 -3.414890 -1.128659 -0.491733
1403715579612143360.000000 -3.699248 -0.880593 -0.483213
1403715579662142976.000000 -3.986174 -0.619694 -0.502893
1403715579712143104.000000 -4.329089 -0.344705 -0.489633
1403715579762143232.000000 -4.678817 -0.070869 -0.498327
1403715579812143104.000000 -4.997855 0.176004 -0.467624
1403715579862142976.000000 -5.303093 0.392784 -0.444713
1403715579912143104.000000 -5.672011 0.686359 -0.447297
1403715579962142976.000000 -6.143306 0.941783 -0.314882
1403715580012143104.000000 -6.476922 1.263313 -0.185012
1403715580062142976.000000 -7.002917 1.538499 -0.212986
1403715580112143360.000000 -7.406163 1.818021 -0.216197
1403715580162142976.000000 -7.813993 2.120916 -0.230436
1403715580212143104.000000 -8.303235 2.378517 -0.281311
1403715580262143232.000000 -8.845055 2.711141 -0.259166
1403715580312143104.000000 -9.270171 2.937468 -0.256786
1403715580362142976.000000 -9.742163 3.230209 -0.383412
1403715580412143104.000000 -10.159330 3.417899 -0.377214
1403715580462142976.000000 -10.607564 3.647329 -0.412069
1403715580512143104.000000 -11.048389 3.893620 -0.429710
1403715580562142976.000000 -11.486222 4.128033 -0.440183
1403715580612143360.000000 -11.916724 4.347927 -0.489909
1403715580662142976.000000 -12.324937 4.499725 -0.434363
1403715580712143104.000000 -12.744280 4.654611 -0.416636
1403715580762143232.000000 -13.104421 4.817144 -0.495614
1403715580812143104.000000 -13.506012 5.022534 -0.524977
1403715580862142976.000000 -13.818958 5.163458 -0.505161
1403715580912143104.000000 -14.112080 5.349127 -0.526978
1403715580962142976.000000 -14.378387 5.467712 -0.543439
1403715581012143104.000000 -14.592259 5.599654 -0.574305
1403715581062142976.000000 -14.767590 5.718240 -0.586599
1403715581112143360.000000 -14.863264 5.794834 -0.587719
1403715581162142976.000000 -14.937649 5.906268 -0.570628
1403715581212143104.000000 -14.992565 6.006131 -0.551034
1403715581262143232.000000 -14.995789 6.113816 -0.539330
1403715581312143104.000000 -14.966512 6.210628 -0.505980
1403715581362142976.000000 -14.930029 6.303067 -0.471253
1403715581412143104.000000 -14.852992 6.405087 -0.460440
1403715581462142976.000000 -14.728665 6.478892 -0.476619
1403715581512143104.000000 -14.624057 6.608347 -0.398871
1403715581562142976.000000 -14.508324 6.720254 -0.378172
1403715581612143360.000000 -14.401128 6.829080 -0.410919
1403715581662142976.000000 -14.239496 6.905625 -0.480497
1403715581712143104.000000 -14.068811 7.019710 -0.573482
1403715581762143232.000000 -13.931673 7.086390 -0.648490
1403715581812143104.000000 -13.764141 7.189165 -0.685229
1403715581862142976.000000 -13.661200 7.316369 -0.711679
1403715581912143104.000000 -13.589901 7.446308 -0.755719
1403715581962142976.000000 -13.471166 7.551687 -0.738823
1403715582012143104.000000 -13.393839 7.681850 -0.714643
1403715582062142976.000000 -13.286470 7.755300 -0.674562
1403715582112143360.000000 -13.302806 7.914357 -0.676783
1403715582162142976.000000 -13.255513 8.040587 -0.572435
1403715582212143104.000000 -13.183149 8.165903 -0.499676
1403715582262143232.000000 -13.160202 8.255969 -0.506394
1403715582312143104.000000 -13.129336 8.394133 -0.493847
1403715582362142976.000000 -13.120974 8.463045 -0.577259
1403715582412143104.000000 -13.121203 8.538043 -0.616011
1403715582462142976.000000 -13.146317 8.631085 -0.610864
1403715582512143104.000000 -13.116498 8.702590 -0.638254
1403715582562142976.000000 -13.155843 8.753774 -0.706492
1403715582612143360.000000 -13.160539 8.818768 -0.724674
1403715582662142976.000000 -13.151893 8.895184 -0.718097
1403715582712143104.000000 -13.215204 9.009674 -0.646713
1403715582762143232.000000 -13.280561 9.111719 -0.670286
1403715582812143104.000000 -13.311947 9.222903 -0.654261
1403715582862142976.000000 -13.367711 9.340833 -0.675841
1403715582912143104.000000 -13.384810 9.471560 -0.683282
1403715582962142976.000000 -13.475173 9.640099 -0.651737
1403715583012143104.000000 -13.535372 9.828896 -0.675745
1403715583062142976.000000 -13.606021 10.013345 -0.704571
1403715583112143360.000000 -13.666981 10.227184 -0.731572
1403715583162142976.000000 -13.734028 10.478876 -0.754055
1403715583212143104.000000 -13.869422 10.710941 -1.012038
1403715583262143232.000000 -13.944463 10.959958 -1.032654
1403715583312143104.000000 -14.031484 11.255109 -1.061165
1403715583362142976.000000 -14.118555 11.477425 -1.268834
1403715583412143104.000000 -14.139935 11.721223 -1.316941
1403715583462142976.000000 -14.246917 12.049120 -1.166602
1403715583512143104.000000 -14.386951 12.263599 -1.387356
1403715583562142976.000000 -14.492012 12.472182 -1.485193
1403715583612143360.000000 -14.555354 12.653535 -1.576005
1403715583662142976.000000 -14.639737 12.804594 -1.612894
1403715583712143104.000000 -14.700301 12.899112 -1.704330
1403715583762143232.000000 -14.872585 12.939800 -1.849039
1403715583812143104.000000 -14.893206 12.970056 -1.845322
1403715583862142976.000000 -14.894149 12.890940 -1.938472
1403715583912143104.000000 -14.980752 12.738023 -1.967505
1403715583962142976.000000 -15.042905 12.503865 -1.936336
1403715584012143104.000000 -15.076148 12.197747 -1.889564
1403715584062142976.000000 -15.229714 11.826439 -1.766701
1403715584112143360.000000 -15.231664 11.357567 -1.788701
1403715584162142976.000000 -15.206374 10.861537 -1.533714
1403715584212143104.000000 -15.214161 10.275136 -1.484049
1403715584262143232.000000 -15.179102 9.700231 -1.279981
1403715584312143104.000000 -15.221138 9.064908 -1.207776
1403715584362142976.000000 -15.226294 8.439669 -1.073900
1403715584412143104.000000 -15.088098 7.834177 -0.993204
1403715584462142976.000000 -15.015169 7.187475 -0.899533
1403715584512143104.000000 -14.964236 6.586497 -0.856494
1403715584562142976.000000 -14.883908 5.994394 -0.837399
1403715584612143360.000000 -14.723418 5.397107 -0.792287
1403715584662142976.000000 -14.583827 4.821700 -0.799314
1403715584712143104.000000 -14.395537 4.267852 -0.785501
1403715584762143232.000000 -14.287629 3.746627 -0.728921
1403715584812143104.000000 -14.095373 3.269206 -0.697308
1403715584862142976.000000 -13.850902 2.775754 -0.609975
1403715584912143104.000000 -13.721857 2.316913 -0.556640
1403715584962142976.000000 -13.510501 1.861412 -0.507968
1403715585012143104.000000 -13.368100 1.466169 -0.475571
1403715585062142976.000000 -13.218767 1.064535 -0.425147
1403715585112143360.000000 -13.077029 0.705368 -0.404774
1403715585162142976.000000 -12.974538 0.379442 -0.338479
1403715585212143104.000000 -12.854861 0.120560 -0.272418
1403715585262143232.000000 -12.779476 -0.095492 -0.180912
1403715585312143104.000000 -12.711555 -0.280028 -0.106027
1403715585362142976.000000 -12.630322 -0.444584 -0.039747
1403715585412143104.000000 -12.563376 -0.548478 0.072078
1403715585462142976.000000 -12.517494 -0.640197 0.116744
1403715585512143104.000000 -12.454863 -0.726590 0.211392
1403715585562142976.000000 -12.408560 -0.760171 0.268551
1403715585612143360.000000 -12.384160 -0.796681 0.328354
1403715585662142976.000000 -12.355189 -0.823504 0.370919
1403715585712143104.000000 -12.353553 -0.811110 0.394542
1403715585762143232.000000 -12.379326 -0.802808 0.429818
1403715585812143104.000000 -12.360058 -0.788435 0.410587
1403715585862142976.000000 -12.390744 -0.766859 0.347871
1403715585912143104.000000 -12.429995 -0.728124 0.261879
1403715585962142976.000000 -12.497533 -0.685045 0.141075
1403715586012143104.000000 -12.537853 -0.618488 0.071401
1403715586062142976.000000 -12.560227 -0.530376 -0.006964
1403715586112143360.000000 -12.603765 -0.439261 -0.047592
1403715586162142976.000000 -12.591154 -0.323189 -0.095385
1403715586212143104.000000 -12.613230 -0.218708 -0.128182
1403715586262143232.000000 -12.533113 -0.124934 -0.100977
1403715586312143104.000000 -12.495031 -0.038892 -0.114478
1403715586362142976.000000 -12.483357 0.054091 -0.120247
1403715586412143104.000000 -12.448571 0.140051 -0.120160
1403715586462142976.000000 -12.449945 0.185236 -0.125489
1403715586512143104.000000 -12.453508 0.240755 -0.138410
1403715586562142976.000000 -12.446481 0.276254 -0.117086
1403715586612143360.000000 -12.456617 0.284534 -0.144826
1403715586662142976.000000 -12.402291 0.296680 -0.115688
1403715586712143104.000000 -12.392538 0.285788 -0.111945
1403715586762143232.000000 -12.457445 0.232464 -0.111246
1403715586812143104.000000 -12.486432 0.184249 -0.121036
1403715586862142976.000000 -12.502992 0.124992 -0.102953
1403715586912143104.000000 -12.532943 0.059984 -0.105356
1403715586962142976.000000 -12.569427 -0.004549 -0.086523
1403715587012143104.000000 -12.611159 -0.079505 -0.089920
1403715587062142976.000000 -12.668533 -0.134109 -0.068353
1403715587112143360.000000 -12.695321 -0.209791 -0.051095
1403715587162142976.000000 -12.726238 -0.250808 -0.015945
1403715587212143104.000000 -12.768039 -0.302391 0.011564
1403715587262143232.000000 -12.802201 -0.349189 0.063441
1403715587312143104.000000 -12.811630 -0.388243 0.117607
1403715587362142976.000000 -12.855543 -0.470464 0.176474
1403715587412143104.000000 -12.915287 -0.534727 0.219506
1403715587462142976.000000 -12.956040 -0.601885 0.280162
1403715587512143104.000000 -13.024121 -0.689188 0.334892
1403715587562142976.000000 -13.073395 -0.777457 0.399334
1403715587612143360.000000 -13.082046 -0.855576 0.448183
1403715587662142976.000000 -13.106104 -0.954497 0.504598
1403715587712143104.000000 -13.070060 -1.038725 0.567342
1403715587762143232.000000 -13.068536 -1.145962 0.618658
1403715587812143104.000000 -12.995473 -1.231486 0.656744
1403715587862142976.000000 -12.924193 -1.330375 0.732857
1403715587912143104.000000 -12.821751 -1.433846 0.763131
1403715587962142976.000000 -12.741166 -1.523555 0.835070
1403715588012143104.000000 -12.619918 -1.620374 0.910323
1403715588062142976.000000 -12.495745 -1.727841 0.981624
1403715588112143360.000000 -12.327703 -1.842682 0.999637
1403715588162142976.000000 -12.103312 -1.967631 0.970528
1403715588212143104.000000 -12.028267 -2.063218 0.907253
1403715588262143232.000000 -11.887158 -2.206929 0.878965
1403715588312143104.000000 -11.657890 -2.401028 0.782277
1403715588362142976.000000 -11.441803 -2.624056 0.627438
1403715588412143104.000000 -11.333913 -2.757656 0.497491
1403715588462142976.000000 -11.184228 -2.918401 0.284788
1403715588512143104.000000 -11.021089 -3.180709 0.210301
1403715588562142976.000000 -10.886116 -3.434163 0.107204
1403715588612143360.000000 -10.744930 -3.727670 -0.007635
1403715588662142976.000000 -10.673352 -3.928610 -0.120203
1403715588712143104.000000 -10.568791 -4.223159 -0.210185
1403715588762143232.000000 -10.435186 -4.627188 -0.341480
1403715588812143104.000000 -10.350265 -4.900135 -0.482716
1403715588862142976.000000 -10.248883 -5.213673 -0.610794
1403715588912143104.000000 -10.113998 -5.499207 -0.733254
1403715588962142976.000000 -10.026819 -5.873827 -0.739117
1403715589012143104.000000 -9.844108 -6.134020 -0.991181
1403715589062142976.000000 -9.645431 -6.453393 -1.105790
1403715589112143360.000000 -9.408360 -6.607056 -1.198881
1403715589162142976.000000 -9.237040 -6.908448 -1.271342
1403715589212143104.000000 -9.065060 -7.162548 -1.398272
1403715589262143232.000000 -8.847435 -7.353925 -1.466350
1403715589312143104.000000 -8.617954 -7.446646 -1.537742
1403715589362142976.000000 -8.353779 -7.621938 -1.532730
1403715589412143104.000000 -8.068410 -7.824242 -1.394213
1403715589462142976.000000 -7.831284 -7.883668 -1.343349
1403715589512143104.000000 -7.462325 -8.073819 -1.316587
1403715589562142976.000000 -7.108346 -8.149930 -1.261025
1403715589612143360.000000 -6.681121 -8.262290 -1.157850
1403715589662142976.000000 -6.244510 -8.267528 -1.086405
1403715589712143104.000000 -5.782166 -8.304856 -0.942424
1403715589762143232.000000 -5.272475 -8.352128 -0.790029
1403715589812143104.000000 -4.707743 -8.307966 -0.614289
1403715589862142976.000000 -4.105475 -8.209739 -0.371129
1403715589912143104.000000 -3.531217 -8.126485 -0.183791
1403715589962142976.000000 -2.965776 -8.109663 0.039331
1403715590012143104.000000 -2.393934 -8.051960 0.251100
1403715590062142976.000000 -1.843275 -7.977350 0.439540
1403715590112143360.000000 -1.282151 -7.875729 0.633727
1403715590162142976.000000 -0.729302 -7.828040 0.767904
1403715590212143104.000000 -0.153362 -7.746342 0.934791
1403715590262143232.000000 0.347584 -7.633351 1.062533
1403715590312143104.000000 0.910214 -7.547203 1.240258
1403715590362142976.000000 1.385307 -7.450349 1.373095
1403715590412143104.000000 1.916720 -7.324117 1.585205
1403715590462142976.000000 2.398810 -7.186522 1.625001
1403715590512143104.000000 2.858909 -7.012923 1.827017
1403715590562142976.000000 3.295537 -6.838897 1.907270
1403715590612143360.000000 3.780099 -6.615132 2.034624
1403715590662142976.000000 4.191640 -6.412016 2.121833
1403715590712143104.000000 4.590089 -6.128292 2.241605
1403715590762143232.000000 5.006722 -5.873523 2.368226
1403715590812143104.000000 5.422781 -5.582200 2.484489
1403715590862142976.000000 5.873802 -5.284900 2.669307
1403715590912143104.000000 6.266629 -4.983110 2.762785
1403715590962142976.000000 6.666406 -4.659070 2.912384
1403715591012143104.000000 7.028161 -4.320362 3.001537
1403715591062142976.000000 7.452357 -4.005664 3.151624
1403715591112143360.000000 7.773398 -3.673537 3.203821
1403715591162142976.000000 8.151494 -3.319081 3.328371
1403715591212143104.000000 8.433826 -2.947932 3.402904
1403715591262143232.000000 8.825646 -2.616701 3.523076
1403715591312143104.000000 9.101212 -2.219154 3.599400
1403715591362142976.000000 9.471272 -1.864853 3.744510
1403715591412143104.000000 9.770822 -1.468061 3.868246
1403715591462142976.000000 10.094786 -1.093880 3.922874
1403715591512143104.000000 10.335618 -0.674910 4.006191
1403715591562142976.000000 10.664631 -0.300178 4.052805
1403715591612143360.000000 10.901960 0.155085 4.128735
1403715591662142976.000000 11.070527 0.567798 4.142907
1403715591712143104.000000 11.308523 1.030708 4.135052
1403715591762143232.000000 11.451762 1.483046 4.189353
1403715591812143104.000000 11.690073 1.946393 4.131459
1403715591862142976.000000 11.822869 2.408996 4.049408
1403715591912143104.000000 11.922301 2.893984 3.916138
1403715591962142976.000000 12.074762 3.342859 3.837147
1403715592012143104.000000 12.170524 3.820138 3.692285
1403715592062142976.000000 12.229185 4.299072 3.536518
1403715592112143360.000000 12.317648 4.765559 3.355000
1403715592162142976.000000 12.355990 5.233935 3.245772
1403715592212143104.000000 12.329095 5.673976 3.093460
1403715592262143232.000000 12.240157 6.147172 3.024033
1403715592312143104.000000 12.175185 6.590886 2.902206
1403715592362142976.000000 12.101968 7.034796 2.818612
1403715592412143104.000000 11.991610 7.458071 2.785053
1403715592462142976.000000 11.827533 7.866398 2.804038
1403715592512143104.000000 11.612507 8.275859 2.773862
1403715592562142976.000000 11.389876 8.639156 2.788398
1403715592612143360.000000 11.133134 8.955219 2.719729
1403715592662142976.000000 10.839058 9.292185 2.745243
1403715592712143104.000000 10.496865 9.576875 2.742750
1403715592762143232.000000 10.167877 9.870073 2.731631
1403715592812143104.000000 9.775152 10.062920 2.754415
1403715592862142976.000000 9.353017 10.264922 2.762090
1403715592912143104.000000 8.949391 10.415313 2.740771
1403715592962142976.000000 8.494974 10.557681 2.736621
1403715593012143104.000000 7.996826 10.680694 2.751717
1403715593062142976.000000 7.537444 10.784164 2.730236
1403715593112143360.000000 7.062623 10.927745 2.759957
1403715593162142976.000000 6.626625 11.033985 2.748824
1403715593212143104.000000 6.144298 11.132150 2.734396
1403715593262143232.000000 5.662939 11.289241 2.729857
1403715593312143104.000000 5.226917 11.314353 2.706879
1403715593362142976.000000 4.764561 11.471429 2.688016
1403715593412143104.000000 4.304341 11.530648 2.640572
1403715593462142976.000000 3.843843 11.614797 2.677612
1403715593512143104.000000 3.392510 11.731776 2.656418
1403715593562142976.000000 2.918246 11.784800 2.695854
1403715593612143360.000000 2.449199 11.861166 2.708629
1403715593662142976.000000 2.013093 11.874518 2.645969
1403715593712143104.000000 1.537243 11.866393 2.660683
1403715593762143232.000000 1.103857 11.917973 2.692985
1403715593812143104.000000 0.684982 11.843675 2.635535
1403715593862142976.000000 0.282116 11.833776 2.626676
1403715593912143104.000000 -0.115482 11.726237 2.661669
1403715593962142976.000000 -0.501900 11.622287 2.621380
1403715594012143104.000000 -0.848893 11.489405 2.621228
1403715594062142976.000000 -1.188556 11.340124 2.594896
1403715594112143360.000000 -1.506824 11.170446 2.603108
1403715594162142976.000000 -1.849826 11.011356 2.624439
1403715594212143104.000000 -2.160822 10.802421 2.648187
1403715594262143232.000000 -2.457015 10.646898 2.643586
1403715594312143104.000000 -2.721254 10.404958 2.603551
1403715594362142976.000000 -3.014909 10.196409 2.604087
1403715594412143104.000000 -3.270130 9.935058 2.613753
1403715594462142976.000000 -3.520816 9.711257 2.586849
1403715594512143104.000000 -3.806584 9.448134 2.581563
1403715594562142976.000000 -4.003055 9.141561 2.552331
1403715594612143360.000000 -4.212386 8.865204 2.556051
1403715594662142976.000000 -4.406473 8.544917 2.533210
1403715594712143104.000000 -4.566655 8.222894 2.565173
1403715594762143232.000000 -4.739411 7.864602 2.546118
1403715594812143104.000000 -4.873971 7.489973 2.559563
1403715594862142976.000000 -5.046416 7.131604 2.512287
1403715594912143104.000000 -5.147546 6.717440 2.548197
1403715594962142976.000000 -5.274177 6.278599 2.546379
1403715595012143104.000000 -5.424738 5.857460 2.541429
1403715595062142976.000000 -5.538361 5.403493 2.500649
1403715595112143360.000000 -5.686306 4.936351 2.532100
1403715595162142976.000000 -5.800669 4.447428 2.503388
1403715595212143104.000000 -5.998583 3.930510 2.509192
1403715595262143232.000000 -6.136060 3.428928 2.470534
1403715595312143104.000000 -6.295922 2.915251 2.443793
1403715595362142976.000000 -6.449940 2.389341 2.431857
1403715595412143104.000000 -6.603720 1.858690 2.433103
1403715595462142976.000000 -6.773806 1.313031 2.389338
1403715595512143104.000000 -6.936862 0.765924 2.349209
1403715595562142976.000000 -7.119949 0.231480 2.337676
1403715595612143360.000000 -7.268121 -0.294072 2.298552
1403715595662142976.000000 -7.415162 -0.826958 2.307684
1403715595712143104.000000 -7.574530 -1.364279 2.260740
1403715595762143232.000000 -7.711210 -1.878388 2.258990
1403715595812143104.000000 -7.829840 -2.366072 2.239602
1403715595862142976.000000 -7.909574 -2.795002 2.222766
1403715595912143104.000000 -8.001931 -3.254420 2.235490
1403715595962142976.000000 -8.022006 -3.624710 2.230234
1403715596012143104.000000 -8.016857 -3.954515 2.260370
1403715596062142976.000000 -8.005015 -4.208291 2.301083
1403715596112143360.000000 -7.969474 -4.433223 2.375806
1403715596162142976.000000 -7.916930 -4.557989 2.475683
1403715596212143104.000000 -7.886954 -4.628249 2.552614
1403715596262143232.000000 -7.834867 -4.616157 2.642835
1403715596312143104.000000 -7.790693 -4.579536 2.721515
1403715596362142976.000000 -7.732276 -4.442717 2.835643
1403715596412143104.000000 -7.648546 -4.307846 2.935513
1403715596462142976.000000 -7.585005 -4.140674 3.013069
1403715596512143104.000000 -7.477494 -3.959651 3.150173
1403715596562142976.000000 -7.370834 -3.766538 3.229832
1403715596612143360.000000 -7.212182 -3.607683 3.343254
1403715596662142976.000000 -7.054790 -3.435155 3.450227
1403715596712143104.000000 -6.891970 -3.269818 3.557162
1403715596762143232.000000 -6.690309 -3.148945 3.682260
1403715596812143104.000000 -6.451640 -3.039178 3.761069
1403715596862142976.000000 -6.189509 -2.944691 3.862629
1403715596912143104.000000 -5.917766 -2.903793 3.926930
1403715596962142976.000000 -5.582209 -2.874672 4.022618
1403715597012143104.000000 -5.245667 -2.903926 4.100648
1403715597062142976.000000 -4.854197 -2.953512 4.197300
1403715597112143360.000000 -4.438435 -3.082423 4.328450
1403715597162142976.000000 -4.068813 -3.229622 4.392465
1403715597212143104.000000 -3.568540 -3.384024 4.476960
1403715597262143232.000000 -3.144129 -3.567246 4.494808
1403715597312143104.000000 -2.554580 -3.809854 4.618067
1403715597362142976.000000 -2.045692 -4.031030 4.694806
1403715597412143104.000000 -1.508833 -4.300445 4.812987
1403715597462142976.000000 -0.998690 -4.611281 4.883276
1403715597512143104.000000 -0.435049 -4.851936 4.964899
1403715597562142976.000000 0.020363 -5.155420 5.045351
1403715597612143360.000000 0.560331 -5.424225 5.107394
1403715597662142976.000000 1.008499 -5.706774 5.141470
1403715597712143104.000000 1.520187 -5.968146 5.165824
1403715597762143232.000000 1.982811 -6.223289 5.215086
1403715597812143104.000000 2.370543 -6.541014 5.266892
1403715597862142976.000000 2.826709 -6.816562 5.310051
1403715597912143104.000000 3.269867 -7.100805 5.358467
1403715597962142976.000000 3.667665 -7.350064 5.394707
1403715598012143104.000000 4.080526 -7.620634 5.467607
1403715598062142976.000000 4.462107 -7.872604 5.527289
1403715598112143360.000000 4.835717 -8.166151 5.551859
1403715598162142976.000000 5.280525 -8.403993 5.515970
1403715598212143104.000000 5.569596 -8.705466 5.550891
1403715598262143232.000000 5.949327 -8.931224 5.535961
1403715598312143104.000000 6.286853 -9.165523 5.512887
1403715598362142976.000000 6.575205 -9.399326 5.477246
1403715598412143104.000000 6.843063 -9.636066 5.450777
1403715598462142976.000000 7.104252 -9.820198 5.442628
1403715598512143104.000000 7.290401 -9.997056 5.344876
1403715598562142976.000000 7.483866 -10.171410 5.264263
1403715598612143360.000000 7.605912 -10.293669 5.223353
1403715598662142976.000000 7.701042 -10.419543 5.165245
1403715598712143104.000000 7.750519 -10.516270 5.120167
1403715598762143232.000000 7.786143 -10.581129 5.017882
1403715598812143104.000000 7.748003 -10.675557 4.914543
1403715598862142976.000000 7.715131 -10.724012 4.847594
1403715598912143104.000000 7.661508 -10.784730 4.725744
1403715598962142976.000000 7.554502 -10.857050 4.639995
1403715599012143104.000000 7.527839 -10.854386 4.494742
1403715599062142976.000000 7.428764 -10.895050 4.405896
1403715599112143360.000000 7.325564 -10.913632 4.274379
1403715599162142976.000000 7.228415 -10.924615 4.153392
1403715599212143104.000000 7.085987 -10.933362 4.010187
1403715599262143232.000000 6.991833 -10.927688 3.883810
1403715599312143104.000000 6.886624 -10.920348 3.724132
1403715599362142976.000000 6.763764 -10.920126 3.553377
1403715599412143104.000000 6.648166 -10.918429 3.389889
1403715599462142976.000000 6.545847 -10.876473 3.279712
1403715599512143104.000000 6.436676 -10.885367 3.109005
1403715599562142976.000000 6.315822 -10.885540 2.954807
1403715599612143360.000000 6.167657 -10.911381 2.814461
1403715599662142976.000000 6.003119 -10.962495 2.662199
1403715599712143104.000000 5.823317 -11.044757 2.514868
1403715599762143232.000000 5.653321 -11.108813 2.365611
1403715599812143104.000000 5.456236 -11.162378 2.219933
1403715599862142976.000000 5.252682 -11.244096 2.125995
1403715599912143104.000000 4.983728 -11.348123 1.939092
1403715599962142976.000000 4.757236 -11.438986 1.827680
1403715600012143104.000000 4.526113 -11.520072 1.655616
1403715600062142976.000000 4.262608 -11.633235 1.488171
1403715600112143360.000000 4.023325 -11.722050 1.420545
1403715600162142976.000000 3.756584 -11.803511 1.294154
1403715600212143104.000000 3.517218 -11.864464 1.159699
1403715600262143232.000000 3.285818 -11.892114 0.974633
1403715600312143104.000000 3.065482 -11.877006 0.823058
1403715600362142976.000000 2.862384 -11.866276 0.710295
1403715600412143104.000000 2.641561 -11.831603 0.538070
1403715600462142976.000000 2.453649 -11.721293 0.380439
1403715600512143104.000000 2.254210 -11.646453 0.253226
1403715600562142976.000000 2.113479 -11.481004 0.155151
1403715600612143360.000000 1.974069 -11.342969 0.032295
1403715600662142976.000000 1.858401 -11.189601 -0.062995
1403715600712143104.000000 1.762817 -11.085978 -0.144502
1403715600762143232.000000 1.633067 -10.951667 -0.236269
1403715600812143104.000000 1.561150 -10.795420 -0.298605
1403715600862142976.000000 1.470858 -10.591424 -0.342339
1403715600912143104.000000 1.425188 -10.389019 -0.321793
1403715600962142976.000000 1.397520 -10.284525 -0.338296
1403715601012143104.000000 1.377682 -10.085649 -0.259205
1403715601062142976.000000 1.350444 -9.910443 -0.245220
1403715601112143360.000000 1.337931 -9.724617 -0.147185
1403715601162142976.000000 1.371381 -9.543658 -0.041793
1403715601212143104.000000 1.368029 -9.353810 0.070952
1403715601262143232.000000 1.419034 -9.168353 0.218033
1403715601312143104.000000 1.451104 -8.956221 0.377261
1403715601362142976.000000 1.470546 -8.734595 0.521954
1403715601412143104.000000 1.514068 -8.505632 0.698179
1403715601462142976.000000 1.551240 -8.268690 0.799618
1403715601512143104.000000 1.598156 -8.028971 0.919405
1403715601562142976.000000 1.636206 -7.790382 1.023276
1403715601612143360.000000 1.664142 -7.475171 1.138065
1403715601662142976.000000 1.732395 -7.249850 1.269835
1403715601712143104.000000 1.754309 -6.940821 1.371997
1403715601762143232.000000 1.795314 -6.656045 1.481328
1403715601812143104.000000 1.862361 -6.368492 1.591180
1403715601862142976.000000 1.908605 -6.089029 1.690452
1403715601912143104.000000 1.962931 -5.759285 1.812731
1403715601962142976.000000 2.012852 -5.467628 1.912089
1403715602012143104.000000 1.992734 -5.132754 1.919346
1403715602062142976.000000 2.031382 -4.849734 2.037552
1403715602112143360.000000 2.060596 -4.530199 2.130190
1403715602162142976.000000 2.082531 -4.268894 2.252829
1403715602212143104.000000 2.082597 -4.005830 2.388871
1403715602262143232.000000 1.990162 -3.677628 2.380287
1403715602312143104.000000 1.929572 -3.466318 2.448632
1403715602362142976.000000 1.880005 -3.195954 2.498474
1403715602412143104.000000 1.739707 -2.855661 2.451712
1403715602462142976.000000 1.631319 -2.603138 2.514725
1403715602512143104.000000 1.513839 -2.344092 2.551942
1403715602562142976.000000 1.385893 -2.086408 2.568872
1403715602612143360.000000 1.237341 -1.802158 2.588652
1403715602662142976.000000 1.149883 -1.527781 2.624351
1403715602712143104.000000 1.010396 -1.275169 2.606373
1403715602762143232.000000 0.900369 -1.031467 2.586724
1403715602812143104.000000 0.794437 -0.807213 2.585589
1403715602862142976.000000 0.694618 -0.511565 2.495769
1403715602912143104.000000 0.606896 -0.222651 2.428498
1403715602962142976.000000 0.489420 0.037884 2.287340
1403715603012143104.000000 0.384681 0.306961 2.141537
1403715603062142976.000000 0.282018 0.570941 2.019990
1403715603112143360.000000 0.210183 0.870488 1.881699
1403715603162142976.000000 0.124505 1.152164 1.707717
1403715603212143104.000000 0.041224 1.499784 1.532932
1403715603262143232.000000 -0.034477 1.764250 1.377621
1403715603312143104.000000 -0.103332 2.063758 1.248773
1403715603362142976.000000 -0.174573 2.339660 1.111693
1403715603412143104.000000 -0.223983 2.642262 0.939000
1403715603462142976.000000 -0.283141 2.943375 0.811752
1403715603512143104.000000 -0.272042 3.271273 0.761009
1403715603562142976.000000 -0.295465 3.570937 0.656075
1403715603612143360.000000 -0.339620 3.826862 0.534215
1403715603662142976.000000 -0.359017 4.123059 0.434419
1403715603712143104.000000 -0.364881 4.389944 0.374306
1403715603762143232.000000 -0.366538 4.710536 0.305913
1403715603812143104.000000 -0.346135 4.944986 0.240857
1403715603862142976.000000 -0.354015 5.197641 0.180730
1403715603912143104.000000 -0.385485 5.360430 0.192568
1403715603962142976.000000 -0.478998 5.519339 0.093341
1403715604012143104.000000 -0.516910 5.720918 0.134345
1403715604062142976.000000 -0.479299 5.882494 0.204038
1403715604112143360.000000 -0.524123 5.989014 0.131768
1403715604162142976.000000 -0.550739 6.065589 0.124470
1403715604212143104.000000 -0.532003 6.185922 0.168566
1403715604262143232.000000 -0.493662 6.242386 0.133798
1403715604312143104.000000 -0.512209 6.285478 0.119870
1403715604362142976.000000 -0.504928 6.342913 0.057780
1403715604412143104.000000 -0.470818 6.374601 0.018608
1403715604462142976.000000 -0.407028 6.423882 -0.000157
1403715604512143104.000000 -0.375081 6.491163 -0.057888
1403715604562142976.000000 -0.315243 6.508549 -0.085243
1403715604612143360.000000 -0.229371 6.533924 -0.082600
1403715604662142976.000000 -0.173324 6.573620 -0.137237
1403715604712143104.000000 -0.097772 6.596391 -0.156421
1403715604762143232.000000 -0.021794 6.607869 -0.194272
1403715604812143104.000000 0.026785 6.629847 -0.219392
1403715604862142976.000000 0.096328 6.669159 -0.241811
1403715604912143104.000000 0.181559 6.695082 -0.270715
1403715604962142976.000000 0.273080 6.749700 -0.299329
1403715605012143104.000000 0.328972 6.789913 -0.321915
1403715605062142976.000000 0.434361 6.815831 -0.347200
1403715605112143360.000000 0.515873 6.864635 -0.346120
1403715605162142976.000000 0.608862 6.877389 -0.361270
1403715605212143104.000000 0.723527 6.915850 -0.358376
1403715605262143232.000000 0.788538 6.918202 -0.391074
1403715605312143104.000000 0.913600 6.993454 -0.314525
1403715605362142976.000000 1.038109 7.002373 -0.319612
1403715605412143104.000000 1.112000 7.053950 -0.379052
1403715605462142976.000000 1.219135 7.075777 -0.348648
1403715605512143104.000000 1.305520 7.093202 -0.380450
1403715605562142976.000000 1.424185 7.128378 -0.474144
1403715605612143360.000000 1.550843 7.141364 -0.539313
1403715605662142976.000000 1.637066 7.171732 -0.598482
1403715605712143104.000000 1.768626 7.203433 -0.612454
1403715605762143232.000000 1.862249 7.196110 -0.674573
1403715605812143104.000000 1.935869 7.187805 -0.734715
1403715605862142976.000000 2.059572 7.199172 -0.810156
1403715605912143104.000000 2.136637 7.182579 -0.850183
1403715605962142976.000000 2.216599 7.177824 -0.881638
1403715606012143104.000000 2.320073 7.182509 -0.947218
1403715606062142976.000000 2.432377 7.191057 -1.025420
1403715606112143360.000000 2.528044 7.187992 -1.103473
1403715606162142976.000000 2.632895 7.193049 -1.193923
1403715606212143104.000000 2.740859 7.213534 -1.297752
1403715606262143232.000000 2.822580 7.223415 -1.373927
1403715606312143104.000000 2.927850 7.235895 -1.453466
1403715606362142976.000000 3.019216 7.245978 -1.516594
1403715606412143104.000000 3.130973 7.265665 -1.562473
1403715606462142976.000000 3.240851 7.278945 -1.589483
1403715606512143104.000000 3.331713 7.281860 -1.592897
1403715606562142976.000000 3.410521 7.289307 -1.591370
1403715606612143360.000000 3.513314 7.296028 -1.610777
1403715606662142976.000000 3.593486 7.301146 -1.623936
1403715606712143104.000000 3.675233 7.300713 -1.638101
1403715606762143232.000000 3.743954 7.296997 -1.665150
1403715606812143104.000000 3.793880 7.288771 -1.683660
1403715606862142976.000000 3.847735 7.273759 -1.717367
1403715606912143104.000000 3.897791 7.247259 -1.763764
1403715606962142976.000000 3.938573 7.217774 -1.808682
1403715607012143104.000000 3.963551 7.193208 -1.861638
1403715607062142976.000000 3.984872 7.170222 -1.920916
1403715607112143360.000000 4.004188 7.148384 -1.977954
1403715607162142976.000000 4.012601 7.138728 -2.029059
1403715607212143104.000000 4.023192 7.128054 -2.074318
1403715607262143232.000000 4.031219 7.126346 -2.118837
1403715607312143104.000000 4.037951 7.126210 -2.156771
1403715607362142976.000000 4.039702 7.136910 -2.187047
1403715607412143104.000000 4.044574 7.147756 -2.215228
1403715607462142976.000000 4.042720 7.163086 -2.238481
1403715607512143104.000000 4.043294 7.185092 -2.262872
1403715607562142976.000000 4.041994 7.209399 -2.284062
1403715607612143360.000000 4.033763 7.239525 -2.297276
1403715607662142976.000000 4.027912 7.273333 -2.306281
1403715607712143104.000000 4.021479 7.313976 -2.313827
1403715607762143232.000000 4.015943 7.357350 -2.333668
1403715607812143104.000000 4.007991 7.409362 -2.364400
1403715607862142976.000000 4.002145 7.463014 -2.412251
1403715607912143104.000000 3.997654 7.516091 -2.472190
1403715607962142976.000000 4.001041 7.519249 -2.462275
1403715608012143104.000000 4.000013 7.515526 -2.458175
1403715608062142976.000000 4.000110 7.516782 -2.465548
1403715608112143360.000000 3.999442 7.512390 -2.472725
1403715608162142976.000000 4.003613 7.514460 -2.473070
1403715608212143104.000000 4.001535 7.514838 -2.473556
1403715608262143232.000000 3.998138 7.513351 -2.474472
1403715608312143104.000000 4.001528 7.514803 -2.475671
1403715608362142976.000000 4.001454 7.513764 -2.475920
1403715608412143104.000000 3.999634 7.512028 -2.476963
1403715608462142976.000000 4.001419 7.514160 -2.477245
1403715608512143104.000000 4.001008 7.514530 -2.477460
1403715608562142976.000000 4.001325 7.513497 -2.477976
1403715608612143360.000000 4.001275 7.513338 -2.478274
1403715608662142976.000000 4.000972 7.513135 -2.478797
1403715608712143104.000000 4.001171 7.513584 -2.478819
1403715608762143232.000000 4.000694 7.513724 -2.478944
1403715608812143104.000000 4.000982 7.513514 -2.479049
1403715608862142976.000000 4.001249 7.513090 -2.479095
1403715608912143104.000000 4.000936 7.512924 -2.478903
1403715608962142976.000000 4.001025 7.513373 -2.479234
1403715609012143104.000000 4.000890 7.513446 -2.479563
1403715609062142976.000000 4.000733 7.512954 -2.479635
1403715609112143360.000000 4.000621 7.512925 -2.479405
1403715609162142976.000000 4.000576 7.513312 -2.479497
1403715609212143104.000000 4.000670 7.513713 -2.479727
1403715609262143232.000000 4.000657 7.513015 -2.479423
1403715609312143104.000000 4.000612 7.513121 -2.479690
1403715609362142976.000000 4.000884 7.513109 -2.480169